0.000 0.000 0.000 0.000 0.000 0.000 0.000 0.000 0.000 0.000 0.000 0.000 0.000 0.000 0.000 0.000 0.000 0.000 0.000 0.000 0.000 0.000 0.000 0.000 0.000 0.000 0.000 0.000 0.000 0.000 0.000 0.000 0.000 0.000 0.000 0.000 0.000 0.000 0.000 0.000 0.000 0.000 0.000 0.000 0.000 0.000 0.000 0.000 0.000 0.000 0.000 0.000 0.000 0.000 0.000 0.000 0.000 0.000 0.000 0.000 0.000 0.000 0.000 0.000
0.000 0.000 0.000 0.000 0.000 0.000 0.000 0.042 0.088 0.090 0.047 0.002 0.000 0.000 0.000 0.000 0.000 0.000 0.000 0.000 0.000 0.000 0.000 0.000 0.000 0.000 0.000 0.000 0.000 0.000 0.000 0.000 0.000 0.000 0.000 0.000 0.000 0.000 0.000 0.000 0.000 0.000 0.000 0.000 0.000 0.000 0.000 0.000 0.000 0.000 0.000 0.000 0.000 0.000 0.000 0.000 0.000 0.000 0.000 0.000 0.000 0.000 0.000 0.000
0.000 0.000 0.000 0.000 0.000 0.004 0.109 0.289 0.421 0.426 0.304 0.123 0.008 0.000 0.000 0.000 0.000 0.000 0.000 0.000 0.000 0.000 0.000 0.000 0.000 0.000 0.000 0.000 0.000 0.000 0.000 0.000 0.000 0.000 0.000 0.000 0.000 0.000 0.000 0.000 0.000 0.000 0.000 0.000 0.000 0.000 0.000 0.000 0.000 0.000 0.000 0.000 0.000 0.000 0.000 0.000 0.000 0.000 0.000 0.000 0.000 0.000 0.000 0.000
0.000 0.000 0.000 0.000 0.000 0.141 0.476 0.839 1.062 1.072 0.864 0.508 0.163 0.003 0.000 0.000 0.000 0.000 0.000 0.000 0.000 0.000 0.000 0.000 0.000 0.000 0.000 0.000 0.000 0.000 0.000 0.000 0.000 0.000 0.000 0.000 0.000 0.000 0.000 0.000 0.000 0.000 0.000 0.000 0.000 0.000 0.000 0.000 0.000 0.000 0.000 0.000 0.000 0.000 0.000 0.000 0.000 0.000 0.000 0.000 0.000 0.000 0.000 0.000
0.000 0.000 0.000 0.000 0.109 0.548 1.152 1.671 1.959 1.971 1.705 1.200 0.596 0.132 0.000 0.000 0.000 0.000 0.000 0.000 0.000 0.000 0.000 0.000 0.000 0.000 0.000 0.000 0.000 0.000 0.000 0.000 0.000 0.000 0.000 0.000 0.000 0.000 0.000 0.000 0.000 0.000 0.000 0.000 0.000 0.000 0.000 0.000 0.000 0.000 0.000 0.000 0.000 0.000 0.000 0.000 0.000 0.000 0.000 0.000 0.000 0.000 0.000 0.000
0.000 0.000 0.000 0.043 0.474 1.263 2.069 2.659 2.959 2.971 2.696 2.128 1.334 0.530 0.061 0.000 0.000 0.000 0.000 0.000 0.000 0.000 0.000 0.000 0.000 0.000 0.000 0.000 0.000 0.000 0.000 0.000 0.000 0.000 0.000 0.000 0.000 0.000 0.000 0.000 0.000 0.000 0.000 0.000 0.000 0.000 0.000 0.000 0.000 0.000 0.000 0.000 0.000 0.000 0.000 0.000 0.000 0.000 0.000 0.000 0.000 0.000 0.000 0.000
0.000 0.000 0.000 0.294 1.149 2.202 3.069 3.617 3.871 3.881 3.649 3.126 2.284 1.235 0.347 0.003 0.000 0.000 0.000 0.000 0.000 0.000 0.000 0.000 0.000 0.000 0.000 0.000 0.000 0.000 0.000 0.000 0.000 0.000 0.000 0.000 0.000 0.000 0.000 0.000 0.000 0.000 0.000 0.000 0.000 0.000 0.000 0.000 0.000 0.000 0.000 0.000 0.000 0.000 0.000 0.000 0.000 0.000 0.000 0.000 0.000 0.000 0.000 0.000
0.000 0.000 0.100 0.847 2.065 3.197 3.960 4.370 4.538 4.544 4.392 4.005 3.276 2.169 0.939 0.132 0.000 0.000 0.000 0.000 0.000 0.000 0.000 0.000 0.000 0.000 0.000 0.000 0.000 0.000 0.000 0.000 0.000 0.000 0.000 0.000 0.000 0.000 0.000 0.000 0.000 0.000 0.000 0.000 0.000 0.000 0.000 0.000 0.000 0.000 0.000 0.000 0.000 0.000 0.000 0.000 0.000 0.000 0.000 0.000 0.000 0.000 0.000 0.000
0.000 0.002 0.452 1.682 3.065 4.061 4.593 4.821 4.896 4.899 4.831 4.620 4.121 3.166 1.802 0.528 0.009 0.000 0.000 0.000 0.000 0.000 0.000 0.000 0.000 0.000 0.000 0.000 0.000 0.000 0.000 0.000 0.000 0.000 0.000 0.000 0.000 0.000 0.000 0.000 0.000 0.000 0.000 0.000 0.000 0.000 0.000 0.000 0.000 0.000 0.000 0.000 0.000 0.000 0.000 0.000 0.000 0.000 0.000 0.000 0.000 0.000 0.000 0.000
0.000 0.126 1.114 2.671 3.957 4.653 4.917 4.988 5.000 5.000 4.991 4.927 4.688 4.036 2.798 1.233 0.170 0.000 0.000 0.000 0.000 0.000 0.000 0.000 0.000 0.000 0.000 0.000 0.000 0.000 0.000 0.000 0.000 0.000 0.000 0.000 0.000 0.000 0.000 0.000 0.000 0.000 0.000 0.000 0.000 0.000 0.000 0.000 0.000 0.000 0.000 0.000 0.000 0.000 0.000 0.000 0.000 0.000 0.000 0.000 0.000 0.000 0.000 0.000
0.000 0.516 2.022 3.628 4.591 4.939 5.000 5.000 5.000 5.000 5.000 5.000 4.951 4.639 3.737 2.166 0.610 0.006 0.000 0.000 0.000 0.000 0.000 0.000 0.000 0.000 0.000 0.000 0.000 0.000 0.000 0.000 0.000 0.000 0.000 0.000 0.000 0.000 0.000 0.000 0.000 0.000 0.000 0.000 0.000 0.000 0.000 0.000 0.000 0.000 0.000 0.000 0.000 0.000 0.000 0.000 0.000 0.000 0.000 0.000 0.000 0.000 0.000 0.000
0.106 1.213 3.022 4.377 4.917 5.000 5.000 5.000 5.000 5.000 5.000 5.000 5.000 4.934 4.451 3.163 1.354 0.149 0.000 0.000 0.000 0.000 0.000 0.000 0.000 0.000 0.000 0.000 0.000 0.000 0.000 0.000 0.000 0.000 0.000 0.000 0.000 0.000 0.000 0.000 0.000 0.000 0.000 0.000 0.000 0.000 0.000 0.000 0.000 0.000 0.000 0.000 0.000 0.000 0.000 0.000 0.000 0.000 0.000 0.000 0.000 0.000 0.000 0.000
0.469 2.143 3.923 4.824 5.000 5.000 5.000 5.000 5.000 5.000 5.000 5.000 5.000 5.000 4.859 4.034 2.308 0.567 0.000 0.000 0.000 0.000 0.000 0.000 0.000 0.000 0.000 0.000 0.000 0.000 0.000 0.000 0.000 0.000 0.000 0.000 0.000 0.000 0.000 0.000 0.000 0.000 0.000 0.000 0.000 0.000 0.000 0.000 0.000 0.000 0.000 0.000 0.000 0.000 0.000 0.000 0.000 0.000 0.000 0.000 0.000 0.000 0.000 0.000
1.140 3.141 4.570 4.989 5.000 5.000 5.000 5.000 5.000 5.000 5.000 5.000 5.000 5.000 4.996 4.637 3.298 1.291 0.090 0.000 0.000 0.000 0.000 0.000 0.000 0.000 0.000 0.000 0.000 0.000 0.000 0.000 0.000 0.000 0.000 0.000 0.000 0.000 0.000 0.000 0.000 0.000 0.000 0.000 0.000 0.000 0.000 0.000 0.000 0.000 0.000 0.000 0.000 0.000 0.000 0.000 0.000 0.000 0.000 0.000 0.000 0.000 0.000 0.058
2.054 4.017 4.909 5.000 5.000 5.000 5.000 5.000 5.000 5.000 5.000 5.000 5.000 5.000 5.000 4.933 4.138 2.234 0.426 0.000 0.000 0.000 0.000 0.000 0.000 0.000 0.000 0.000 0.000 0.000 0.000 0.000 0.000 0.000 0.000 0.000 0.000 0.000 0.000 0.000 0.000 0.000 0.000 0.000 0.000 0.000 0.000 0.000 0.000 0.000 0.000 0.000 0.000 0.000 0.000 0.000 0.000 0.000 0.000 0.000 0.000 0.000 0.000 0.337
3.054 4.627 5.000 5.000 5.000 5.000 5.000 5.000 5.000 5.000 5.000 5.000 5.000 5.000 5.000 5.000 4.698 3.229 1.071 0.027 0.000 0.000 0.000 0.000 0.000 0.000 0.000 0.000 0.000 0.000 0.000 0.000 0.000 0.000 0.000 0.000 0.000 0.000 0.000 0.000 0.000 0.000 0.000 0.000 0.000 0.000 0.000 0.000 0.000 0.000 0.000 0.000 0.000 0.000 0.000 0.000 0.000 0.000 0.000 0.000 0.000 0.000 0.010 0.922
3.948 4.930 5.000 5.000 5.000 5.000 5.000 5.000 5.000 5.000 5.000 5.000 5.000 5.000 5.000 5.000 4.954 4.085 1.970 0.241 0.000 0.000 0.000 0.000 0.000 0.000 0.000 0.000 0.000 0.000 0.000 0.000 0.000 0.000 0.000 0.000 0.000 0.000 0.000 0.000 0.000 0.000 0.000 0.000 0.000 0.000 0.000 0.000 0.000 0.000 0.000 0.000 0.000 0.000 0.000 0.000 0.021 0.073 0.095 0.068 0.015 0.000 0.172 1.781
4.586 5.000 5.000 5.000 5.000 5.000 5.000 5.000 5.000 5.000 5.000 5.000 5.000 5.000 5.000 5.000 5.000 4.667 2.970 0.749 0.000 0.000 0.000 0.000 0.000 0.000 0.000 0.000 0.000 0.000 0.000 0.000 0.000 0.000 0.000 0.000 0.000 0.000 0.000 0.000 0.000 0.000 0.000 0.000 0.000 0.000 0.000 0.000 0.000 0.000 0.000 0.000 0.000 0.000 0.000 0.056 0.216 0.381 0.441 0.365 0.193 0.042 0.615 2.776
4.915 5.000 5.000 5.000 5.000 5.000 5.000 5.000 5.000 5.000 5.000 5.000 5.000 5.000 5.000 5.000 5.000 4.944 3.880 1.550 0.084 0.000 0.000 0.000 0.000 0.000 0.000 0.000 0.000 0.000 0.000 0.000 0.000 0.000 0.000 0.000 0.000 0.000 0.000 0.000 0.000 0.000 0.000 0.000 0.000 0.000 0.000 0.000 0.000 0.000 0.000 0.000 0.000 0.000 0.060 0.332 0.703 0.997 1.095 0.971 0.658 0.339 1.401 3.718
5.000 5.000 5.000 5.000 5.000 5.000 5.000 5.000 5.000 5.000 5.000 5.000 5.000 5.000 5.000 5.000 5.000 5.000 4.544 2.528 0.411 0.000 0.000 0.000 0.000 0.000 0.000 0.000 0.000 0.000 0.000 0.000 0.000 0.000 0.000 0.000 0.000 0.000 0.000 0.000 0.000 0.000 0.000 0.000 0.000 0.000 0.000 0.000 0.000 0.000 0.000 0.000 0.000 0.029 0.342 0.913 1.486 1.877 1.999 1.843 1.423 1.151 2.601 4.452
5.000 5.000 5.000 5.000 5.000 5.000 5.000 5.000 5.000 5.000 5.000 5.000 5.000 5.000 5.000 5.000 5.000 5.000 4.899 3.501 1.047 0.005 0.000 0.000 0.000 0.000 0.000 0.000 0.000 0.000 0.000 0.000 0.000 0.000 0.000 0.000 0.000 0.000 0.000 0.000 0.000 0.000 0.000 0.000 0.000 0.000 0.000 0.000 0.000 0.000 0.000 0.000 0.000 0.246 0.931 1.769 2.457 2.875 2.999 2.840 2.386 2.550 4.137 5.042
5.069 5.000 5.000 5.000 5.000 5.000 5.000 5.000 5.000 5.000 5.000 5.000 5.000 5.000 5.000 5.000 5.000 5.000 5.000 4.288 1.939 0.145 0.000 0.000 0.000 0.000 0.000 0.000 0.000 0.000 0.000 0.000 0.000 0.000 0.000 0.000 0.000 0.000 0.000 0.000 0.000 0.000 0.000 0.000 0.000 0.000 0.000 0.000 0.000 0.000 0.000 0.000 0.104 0.759 1.792 2.763 3.437 3.802 3.904 3.773 3.465 4.385 5.805 5.643
5.368 5.001 5.000 5.000 5.000 5.000 5.000 5.000 5.000 5.000 5.000 5.000 5.000 5.000 5.000 5.000 5.000 5.000 5.000 4.779 2.939 0.558 0.000 0.000 0.000 0.000 0.000 0.000 0.000 0.000 0.000 0.000 0.000 0.000 0.000 0.000 0.000 0.000 0.000 0.000 0.000 0.000 0.000 0.000 0.000 0.000 0.000 0.000 0.000 0.000 0.000 0.009 0.462 1.563 2.788 3.707 4.241 4.494 4.559 4.475 4.630 6.335 7.350 6.409
5.976 5.111 5.000 5.000 5.000 5.000 5.000 5.000 5.000 5.000 5.000 5.000 5.000 5.000 5.000 5.000 5.000 5.000 5.000 4.978 3.855 1.277 0.016 0.000 0.000 0.000 0.000 0.000 0.000 0.000 0.000 0.000 0.000 0.000 0.000 0.000 0.000 0.000 0.000 0.000 0.000 0.000 0.000 0.000 0.000 0.000 0.000 0.000 0.000 0.000 0.000 0.168 1.130 2.543 3.728 4.431 4.754 4.878 4.904 4.873 5.817 8.038 8.563 7.371
6.849 5.479 5.001 5.000 5.000 5.000 5.000 5.000 5.000 5.000 5.000 5.000 5.000 5.000 5.000 5.000 5.000 5.000 5.000 5.000 4.528 2.219 0.200 0.000 0.000 0.000 0.000 0.000 0.000 0.000 0.000 0.000 0.000 0.000 0.000 0.000 0.000 0.000 0.000 0.000 0.000 0.000 0.000 0.000 0.000 0.000 0.000 0.000 0.000 0.000 0.011 0.606 2.042 3.514 4.446 4.850 4.971 4.998 5.000 5.130 6.955 9.226 9.364 8.357
7.847 6.156 5.113 5.000 5.000 5.000 5.000 5.000 5.000 5.000 5.000 5.000 5.000 5.000 5.000 5.000 5.000 5.000 5.000 5.000 4.892 3.214 0.671 0.000 0.000 0.000 0.000 0.000 0.000 0.000 0.000 0.000 0.000 0.000 0.000 0.000 0.000 0.000 0.000 0.000 0.000 0.000 0.000 0.000 0.000 0.000 0.000 0.000 0.000 0.000 0.178 1.348 3.042 4.297 4.857 4.994 5.000 5.000 5.000 5.529 7.992 9.826 9.818 9.182
8.778 7.074 5.484 5.000 5.000 5.000 5.000 5.000 5.000 5.000 5.000 5.000 5.000 5.000 5.000 5.000 5.000 5.000 5.000 5.000 5.000 4.074 1.441 0.027 0.000 0.000 0.000 0.000 0.000 0.000 0.000 0.000 0.000 0.000 0.000 0.000 0.000 0.000 0.000 0.000 0.000 0.000 0.000 0.000 0.000 0.000 0.000 0.000 0.000 0.003 0.628 2.301 3.938 4.784 4.995 5.000 5.000 5.000 5.008 6.234 8.898 9.992 9.988 9.722
9.479 8.073 6.164 5.077 5.000 5.000 5.000 5.000 5.000 5.000 5.000 5.000 5.000 5.000 5.000 5.000 5.000 5.000 5.000 5.000 5.000 4.661 2.407 0.239 0.000 0.000 0.000 0.000 0.000 0.000 0.000 0.000 0.000 0.000 0.000 0.000 0.000 0.000 0.000 0.000 0.000 0.000 0.000 0.000 0.000 0.000 0.000 0.000 0.000 0.132 1.380 3.292 4.580 4.979 5.000 5.000 5.000 5.000 5.161 7.167 9.555 10.000 10.000 9.962
9.871 8.963 7.084 5.390 5.000 5.000 5.000 5.000 5.000 5.000 5.000 5.000 5.000 5.000 5.000 5.000 5.000 5.000 5.000 5.000 5.000 4.941 3.390 0.746 0.000 0.000 0.000 0.000 0.000 0.000 0.000 0.000 0.000 0.000 0.000 0.000 0.000 0.000 0.000 0.000 0.000 0.000 0.000 0.000 0.000 0.000 0.000 0.000 0.000 0.529 2.337 4.133 4.912 5.000 5.000 5.000 5.000 5.000 5.592 8.165 9.903 10.000 10.000 10.000
9.998 9.595 8.083 6.013 5.026 5.000 5.000 5.000 5.000 5.000 5.000 5.000 5.000 5.000 5.000 5.000 5.000 5.000 5.000 5.000 5.000 5.000 4.207 1.546 0.034 0.000 0.000 0.000 0.000 0.000 0.000 0.000 0.000 0.000 0.000 0.000 0.000 0.000 0.000 0.000 0.000 0.000 0.000 0.000 0.000 0.000 0.000 0.000 0.064 1.234 3.326 4.695 5.000 5.000 5.000 5.000 5.000 5.012 6.328 9.035 10.000 10.000 10.000 10.000
10.000 9.918 8.971 6.896 5.237 5.000 5.000 5.000 5.000 5.000 5.000 5.000 5.000 5.000 5.000 5.000 5.000 5.000 5.000 5.000 5.000 5.000 4.736 2.523 0.265 0.000 0.000 0.000 0.000 0.000 0.000 0.000 0.000 0.000 0.000 0.000 0.000 0.000 0.000 0.000 0.000 0.000 0.000 0.000 0.000 0.000 0.000 0.000 0.356 2.167 4.159 4.953 5.000 5.000 5.000 5.000 5.000 5.181 7.278 9.638 10.000 10.000 10.000 10.000
10.000 10.000 9.600 7.895 5.742 5.000 5.000 5.000 5.000 5.000 5.000 5.000 5.000 5.000 5.000 5.000 5.000 5.000 5.000 5.000 5.000 5.000 4.966 3.497 0.795 0.000 0.000 0.000 0.000 0.000 0.000 0.000 0.000 0.000 0.000 0.000 0.000 0.000 0.000 0.000 0.000 0.000 0.000 0.000 0.000 0.000 0.000 0.009 0.955 3.164 4.709 5.000 5.000 5.000 5.000 5.000 5.000 5.634 8.270 9.934 10.000 10.000 10.000 10.000
10.000 10.000 9.920 8.819 6.541 5.092 5.000 5.000 5.000 5.000 5.000 5.000 5.000 5.000 5.000 5.000 5.000 5.000 5.000 5.000 5.000 5.000 5.000 4.285 1.612 0.041 0.000 0.000 0.000 0.000 0.000 0.000 0.000 0.000 0.000 0.000 0.000 0.000 0.000 0.000 0.000 0.000 0.000 0.000 0.000 0.000 0.000 0.167 1.823 4.035 4.958 5.000 5.000 5.000 5.000 5.000 5.016 6.389 9.117 10.000 10.000 10.000 10.000 10.000
10.000 10.000 10.000 9.505 7.518 5.433 5.000 5.000 5.000 5.000 5.000 5.000 5.000 5.000 5.000 5.000 5.000 5.000 5.000 5.000 5.000 5.000 5.000 4.777 2.596 0.287 0.000 0.000 0.000 0.000 0.000 0.000 0.000 0.000 0.000 0.000 0.000 0.000 0.000 0.000 0.000 0.000 0.000 0.000 0.000 0.000 0.000 0.604 2.819 4.638 5.000 5.000 5.000 5.000 5.000 5.000 5.199 7.347 9.685 10.000 10.000 10.000 10.000 10.000
10.000 10.000 10.000 9.883 8.492 6.082 5.010 5.000 5.000 5.000 5.000 5.000 5.000 5.000 5.000 5.000 5.000 5.000 5.000 5.000 5.000 5.000 5.000 4.978 3.561 0.834 0.000 0.000 0.000 0.000 0.000 0.000 0.000 0.000 0.000 0.000 0.000 0.000 0.000 0.000 0.000 0.000 0.000 0.000 0.000 0.000 0.041 1.345 3.755 4.934 5.000 5.000 5.000 5.000 5.000 5.000 5.669 8.335 9.950 10.000 10.000 10.000 10.000 10.000
10.000 10.000 10.000 9.999 9.281 6.984 5.171 5.000 5.000 5.000 5.000 5.000 5.000 5.000 5.000 5.000 5.000 5.000 5.000 5.000 5.000 5.000 5.000 5.000 4.331 1.665 0.050 0.000 0.000 0.000 0.000 0.000 0.000 0.000 0.000 0.000 0.000 0.000 0.000 0.000 0.000 0.000 0.000 0.000 0.000 0.000 0.285 2.297 4.463 5.000 5.000 5.000 5.000 5.000 5.000 5.022 6.439 9.166 10.000 10.000 10.000 10.000 10.000 10.000
10.000 10.000 10.000 10.000 9.776 7.984 5.613 5.000 5.000 5.000 5.000 5.000 5.000 5.000 5.000 5.000 5.000 5.000 5.000 5.000 5.000 5.000 5.000 5.000 4.801 2.653 0.315 0.000 0.000 0.000 0.000 0.000 0.000 0.000 0.000 0.000 0.000 0.000 0.000 0.000 0.000 0.000 0.000 0.000 0.000 0.000 0.831 3.288 4.865 5.000 5.000 5.000 5.000 5.000 5.000 5.223 7.404 9.713 10.000 10.000 10.000 10.000 10.000 10.000
10.000 10.000 10.000 10.000 9.977 8.891 6.357 5.028 5.000 5.000 5.000 5.000 5.000 5.000 5.000 5.000 5.000 5.000 5.000 5.000 5.000 5.000 5.000 5.000 4.984 3.611 0.883 0.000 0.000 0.000 0.000 0.000 0.000 0.000 0.000 0.000 0.000 0.000 0.000 0.000 0.000 0.000 0.000 0.000 0.000 0.075 1.661 4.131 4.997 5.000 5.000 5.000 5.000 5.000 5.000 5.715 8.388 9.959 10.000 10.000 10.000 10.000 10.000 10.000
10.000 10.000 10.000 10.000 10.000 9.551 7.312 5.244 5.000 5.000 5.000 5.000 5.000 5.000 5.000 5.000 5.000 5.000 5.000 5.000 5.000 5.000 5.000 5.000 5.000 4.366 1.730 0.066 0.000 0.000 0.000 0.000 0.000 0.000 0.000 0.000 0.000 0.000 0.000 0.000 0.000 0.000 0.000 0.000 0.000 0.385 2.648 4.693 5.000 5.000 5.000 5.000 5.000 5.000 5.034 6.503 9.205 10.000 10.000 10.000 10.000 10.000 10.000 10.000
10.000 10.000 10.000 10.000 10.000 9.901 8.302 5.755 5.000 5.000 5.000 5.000 5.000 5.000 5.000 5.000 5.000 5.000 5.000 5.000 5.000 5.000 5.000 5.000 5.000 4.819 2.722 0.362 0.000 0.000 0.000 0.000 0.000 0.000 0.000 0.000 0.000 0.000 0.000 0.000 0.000 0.000 0.000 0.000 0.000 1.003 3.608 4.952 5.000 5.000 5.000 5.000 5.000 5.000 5.264 7.477 9.735 10.000 10.000 10.000 10.000 10.000 10.000 10.000
10.000 10.000 10.000 10.000 10.000 10.000 9.141 6.558 5.044 5.000 5.000 5.000 5.000 5.000 5.000 5.000 5.000 5.000 5.000 5.000 5.000 5.000 5.000 5.000 5.000 4.988 3.672 0.965 0.000 0.000 0.000 0.000 0.000 0.000 0.000 0.000 0.000 0.000 0.000 0.000 0.000 0.000 0.000 0.000 0.101 1.884 4.363 5.000 5.000 5.000 5.000 5.000 5.000 5.000 5.793 8.454 9.966 10.000 10.000 10.000 10.000 10.000 10.000 10.000
10.000 10.000 10.000 10.000 10.000 10.000 9.699 7.537 5.297 5.000 5.000 5.025 5.077 5.095 5.064 5.011 5.000 5.000 5.000 5.000 5.000 5.000 5.000 5.000 5.000 5.000 4.408 1.835 0.097 0.000 0.000 0.000 0.000 0.000 0.000 0.000 0.000 0.000 0.000 0.000 0.000 0.000 0.000 0.000 0.455 2.883 4.817 5.000 5.000 5.000 5.000 5.000 5.000 5.059 6.610 9.254 10.000 10.000 10.000 10.000 10.000 10.000 10.000 10.000
10.000 10.000 10.000 10.000 10.000 10.000 9.954 8.509 5.853 5.000 5.066 5.232 5.391 5.440 5.354 5.178 5.033 5.000 5.000 5.000 5.000 5.000 5.000 5.000 5.000 5.000 4.839 2.833 0.445 0.000 0.000 0.000 0.000 0.000 0.000 0.000 0.000 0.000 0.000 0.000 0.000 0.000 0.000 0.001 1.118 3.808 4.988 5.000 5.000 5.000 5.000 5.000 5.000 5.339 7.593 9.761 10.000 10.000 10.000 10.000 10.000 10.000 10.000 10.000
10.000 10.000 10.000 10.000 10.000 10.000 10.000 9.294 6.689 5.130 5.361 5.732 6.013 6.093 5.951 5.627 5.261 5.030 5.000 5.000 5.000 5.000 5.000 5.000 5.000 5.000 4.992 3.766 1.102 0.008 0.000 0.000 0.000 0.000 0.000 0.000 0.000 0.000 0.000 0.000 0.000 0.000 0.000 0.120 2.028 4.498 5.000 5.000 5.000 5.000 5.000 5.000 5.000 5.926 8.559 9.973 10.000 10.000 10.000 10.000 10.000 10.000 10.000 10.000
10.000 10.000 10.000 10.000 10.000 10.000 10.000 9.782 7.721 5.715 5.963 6.527 6.897 6.997 6.818 6.379 5.787 5.250 5.006 5.000 5.000 5.000 5.000 5.000 5.000 5.000 5.000 4.471 2.008 0.162 0.000 0.000 0.000 0.000 0.000 0.000 0.000 0.000 0.000 0.000 0.000 0.000 0.000 0.502 3.028 4.880 5.000 5.000 5.000 5.000 5.000 5.000 5.108 6.786 9.329 10.000 10.000 10.000 10.000 10.000 10.000 10.000 10.000 10.000
10.000 10.000 10.000 10.000 10.000 10.000 10.000 9.982 8.922 6.913 6.833 7.503 7.896 7.997 7.815 7.336 6.602 5.766 5.154 5.000 5.000 5.000 5.000 5.000 5.000 5.000 5.000 4.868 3.008 0.594 0.000 0.000 0.000 0.000 0.000 0.000 0.000 0.000 0.000 0.000 0.000 0.000 0.003 1.191 3.927 4.999 5.000 5.000 5.000 5.000 5.000 5.000 5.472 7.781 9.800 10.000 10.000 10.000 10.000 10.000 10.000 10.000 10.000 10.000
10.000 10.000 10.000 10.000 10.000 10.000 10.000 10.133 10.218 8.649 7.895 8.478 8.819 8.902 8.751 8.325 7.585 6.573 5.578 5.049 5.000 5.000 5.000 5.000 5.000 5.000 5.000 4.997 3.911 1.331 0.045 0.000 0.000 0.000 0.000 0.000 0.000 0.000 0.000 0.000 0.000 0.000 0.134 2.117 4.573 5.000 5.000 5.000 5.000 5.000 5.000 5.022 6.145 8.723 9.984 10.000 10.000 10.000 10.000 10.000 10.000 10.000 10.000 10.000
10.000 10.000 10.000 10.000 10.000 10.000 10.020 10.532 11.494 10.642 9.122 9.271 9.505 9.558 9.461 9.158 8.552 7.554 6.307 5.310 5.000 5.000 5.000 5.000 5.000 5.000 5.000 5.000 4.563 2.281 0.299 0.000 0.000 0.000 0.000 0.000 0.000 0.000 0.000 0.000 0.000 0.000 0.534 3.115 4.910 5.000 5.000 5.000 5.000 5.000 5.000 5.221 7.061 9.442 10.000 10.000 10.000 10.000 10.000 10.000 10.000 10.000 10.000 10.000
10.000 10.000 10.000 10.000 10.000 10.000 10.215 11.238 12.645 12.512 10.427 9.770 9.883 9.904 9.863 9.709 9.324 8.524 7.254 5.875 5.081 5.000 5.000 5.000 5.000 5.000 5.000 5.000 4.906 3.273 0.857 0.005 0.000 0.000 0.000 0.000 0.000 0.000 0.000 0.000 0.000 0.006 1.241 3.996 5.000 5.000 5.000 5.000 5.000 5.000 5.000 5.712 8.061 9.855 10.000 10.000 10.000 10.000 10.000 10.000 10.000 10.000 10.000 10.000
10.000 10.000 10.000 10.000 10.000 10.025 10.701 12.172 13.614 13.928 11.694 10.050 9.999 10.000 9.996 9.957 9.798 9.304 8.247 6.719 5.404 5.000 5.000 5.000 5.000 5.000 5.000 5.000 5.000 4.119 1.695 0.147 0.000 0.000 0.000 0.000 0.000 0.000 0.000 0.000 0.000 0.149 2.176 4.615 5.000 5.000 5.000 5.000 5.000 5.000 5.101 6.499 8.953 9.995 10.000 10.000 10.000 10.000 10.000 10.000 10.000 10.000 10.000 10.000
10.000 10.000 10.000 10.000 10.000 10.234 11.483 13.169 14.368 14.729 12.821 10.385 10.000 10.000 10.000 10.000 9.983 9.788 9.099 7.711 6.034 5.080 5.000 5.000 5.000 5.000 5.000 5.000 5.000 4.687 2.685 0.561 0.000 0.000 0.000 0.000 0.000 0.000 0.000 0.000 0.000 0.568 3.173 4.925 5.000 5.000 5.000 5.000 5.000 5.000 5.456 7.472 9.589 10.000 10.000 10.000 10.000 10.000 10.000 10.000 10.000 10.000 10.000 10.000
10.000 10.000 10.000 10.000 10.012 10.736 12.454 14.039 14.820 14.993 13.759 11.004 10.000 10.000 10.000 10.000 10.000 9.980 9.675 8.662 6.924 5.400 5.000 5.000 5.000 5.000 5.000 5.000 5.000 4.950 3.640 1.282 0.085 0.000 0.000 0.000 0.000 0.000 0.000 0.000 0.010 1.291 4.042 5.000 5.000 5.000 5.000 5.000 5.000 5.056 6.120 8.450 9.916 10.000 10.000 10.000 10.000 10.000 10.000 10.000 10.000 10.000 10.000 10.000
10.000 10.000 10.000 10.000 10.183 11.532 13.434 14.640 14.988 15.000 14.466 11.885 10.090 10.000 10.000 10.000 10.000 10.000 9.946 9.401 7.923 6.029 5.048 5.000 5.000 5.000 5.000 5.000 5.000 5.000 4.385 2.224 0.414 0.000 0.000 0.000 0.000 0.000 0.000 0.000 0.173 2.235 4.642 5.000 5.000 5.000 5.000 5.000 5.000 5.333 7.030 9.251 10.000 10.000 10.000 10.000 10.000 10.000 10.000 10.000 10.000 10.000 10.000 10.000
10.000 10.000 10.000 10.000 10.637 12.509 14.239 14.934 15.000 15.000 14.866 12.883 10.427 10.000 10.000 10.000 10.000 10.000 10.000 9.836 8.842 6.917 5.309 5.000 5.000 5.000 5.000 5.000 5.000 5.000 4.828 3.219 1.052 0.070 0.000 0.000 0.000 0.000 0.000 0.000 0.618 3.229 4.935 5.000 5.000 5.000 5.000 5.000 5.046 5.915 8.030 9.759 10.000 10.000 10.000 10.000 10.000 10.000 10.000 10.000 10.000 10.000 10.000 10.000
10.000 10.000 10.000 10.098 11.393 13.483 14.753 15.000 15.000 15.000 14.997 13.809 11.073 10.001 10.000 10.000 10.000 10.000 10.000 9.992 9.520 7.916 5.873 5.010 5.000 5.000 5.000 5.000 5.000 5.000 4.990 4.078 1.946 0.373 0.000 0.000 0.000 0.000 0.000 0.021 1.365 4.086 5.000 5.000 5.000 5.000 5.000 5.000 5.302 6.771 8.929 9.973 10.000 10.000 10.000 10.000 10.000 10.000 10.000 10.000 10.000 10.000 10.000 10.000
10.000 10.000 10.000 10.448 12.353 14.275 14.971 15.000 15.000 15.000 15.000 14.498 11.972 10.120 10.000 10.000 10.000 10.000 10.000 10.000 9.889 8.836 6.716 5.171 5.000 5.000 5.000 5.000 5.000 5.000 5.000 4.663 2.946 0.983 0.091 0.000 0.000 0.000 0.000 0.218 2.321 4.668 5.000 5.000 5.000 5.000 5.000 5.067 5.862 7.766 9.574 10.000 10.000 10.000 10.000 10.000 10.000 10.000 10.000 10.000 10.000 10.000 10.000 10.000
10.000 10.000 10.026 11.107 13.340 14.772 15.000 15.000 15.000 15.000 15.000 14.880 12.972 10.502 10.000 10.000 10.000 10.000 10.000 10.000 9.999 9.516 7.708 5.614 5.000 5.000 5.000 5.000 5.000 5.000 5.000 4.942 3.860 1.859 0.430 0.011 0.000 0.000 0.000 0.706 3.311 4.944 5.000 5.000 5.000 5.000 5.004 5.363 6.702 8.709 9.910 10.000 10.000 10.000 10.000 10.000 10.000 10.000 10.000 10.000 10.000 10.000 10.000 10.000
10.000 10.000 10.235 12.015 14.170 14.976 15.000 15.000 15.000 15.000 15.000 14.999 13.882 11.192 10.012 10.000 10.000 10.000 10.000 10.000 10.000 9.887 8.660 6.359 5.057 5.000 5.000 5.000 5.000 5.000 5.000 5.000 4.531 2.857 1.077 0.176 0.000 0.000 0.046 1.491 4.147 5.000 5.000 5.000 5.000 5.000 5.141 5.966 7.692 9.433 10.000 10.000 10.000 10.000 10.000 10.000 10.000 10.000 10.000 10.000 10.000 10.000 10.000 10.000
10.000 10.000 10.738 13.014 14.715 15.000 15.000 15.000 15.000 15.000 15.000 15.000 14.545 12.117 10.183 10.000 10.000 10.000 10.000 10.000 10.000 9.999 9.399 7.313 5.336 5.000 5.000 5.000 5.000 5.000 5.000 5.000 4.894 3.787 1.978 0.623 0.083 0.000 0.301 2.463 4.703 5.000 5.000 5.000 5.000 5.066 5.549 6.837 8.646 9.851 10.000 10.000 10.000 10.000 10.000 10.000 10.000 10.000 10.000 10.000 10.000 10.000 10.000 10.000
10.000 10.072 11.535 13.916 14.959 15.000 15.000 15.000 15.000 15.000 15.000 15.000 14.899 13.116 10.637 10.000 10.000 10.000 10.000 10.000 10.000 10.000 9.835 8.303 5.920 5.001 5.000 5.000 5.000 5.000 5.000 5.000 5.000 4.484 2.978 1.372 0.409 0.061 0.859 3.442 4.956 5.000 5.000 5.000 5.049 5.361 6.263 7.834 9.390 9.994 10.000 10.000 10.000 10.000 10.000 10.000 10.000 10.000 10.000 10.000 10.000 10.000 10.000 10.000
10.000 10.379 12.511 14.566 15.000 15.000 15.000 15.000 15.000 15.000 15.000 15.000 15.000 13.997 11.392 10.048 10.000 10.000 10.000 10.000 10.000 10.000 9.991 9.142 6.778 5.114 5.000 5.000 5.000 5.000 5.000 5.000 5.000 4.874 3.886 2.329 1.043 0.445 1.781 4.256 5.000 5.000 5.009 5.073 5.312 5.964 7.202 8.767 9.830 10.000 10.000 10.000 10.000 10.000 10.000 10.000 10.000 10.000 10.000 10.000 10.000 10.000 10.000 10.000
10.001 10.994 13.486 14.907 15.000 15.000 15.000 15.000 15.000 15.000 15.000 15.000 15.000 14.615 12.352 10.307 10.000 10.000 10.000 10.000 10.000 10.000 10.000 9.700 7.773 5.487 5.000 5.000 5.000 5.000 5.000 5.000 5.000 4.998 4.548 3.318 1.935 1.388 3.096 4.936 5.104 5.101 5.169 5.380 5.879 6.834 8.198 9.472 9.991 10.000 10.000 10.000 10.000 10.000 10.000 10.000 10.000 10.000 10.000 10.000 10.000 10.000 10.000 10.000
10.118 11.872 14.277 15.000 15.000 15.000 15.000 15.000 15.000 15.000 15.000 15.000 15.000 14.925 13.339 10.869 10.003 10.000 10.000 10.000 10.000 10.000 10.000 9.955 8.716 6.168 5.009 5.000 5.000 5.000 5.000 5.000 5.000 5.000 4.900 4.153 2.958 2.911 4.683 5.602 5.462 5.456 5.608 5.995 6.724 7.831 9.061 9.868 10.000 10.000 10.000 10.000 10.000 10.000 10.000 10.000 10.000 10.000 10.000 10.000 10.000 10.000 10.000 10.000
10.497 12.871 14.773 15.000 15.000 15.000 15.000 15.000 15.000 15.000 15.000 15.000 15.000 15.000 14.169 11.712 10.135 10.000 10.000 10.000 10.000 10.000 10.000 10.000 9.437 7.089 5.168 5.000 5.000 5.000 5.000 5.000 5.000 5.000 5.000 4.706 4.076 4.815 6.319 6.383 6.129 6.119 6.351 6.874 7.716 8.765 9.653 9.997 10.000 10.000 10.000 10.000 10.000 10.000 10.000 10.000 10.000 10.000 10.000 10.000 10.000 10.000 10.000 10.000
11.184 13.798 14.977 15.000 15.000 15.000 15.000 15.000 15.000 15.000 15.000 15.000 15.000 15.000 14.715 12.703 10.537 10.000 10.000 10.000 10.000 10.000 10.000 10.000 9.853 8.088 5.607 5.000 5.000 5.000 5.000 5.000 5.000 5.000 5.000 4.958 5.245 6.753 7.760 7.341 7.041 7.029 7.304 7.872 8.666 9.470 9.939 10.000 10.000 10.000 10.000 10.000 10.000 10.000 10.000 10.000 10.000 10.000 10.000 10.000 10.000 10.000 10.000 10.007
12.107 14.491 15.000 15.000 15.000 15.000 15.000 15.000 15.000 15.000 15.000 15.000 15.000 15.000 14.959 13.655 11.245 10.066 10.000 10.000 10.000 10.000 10.000 10.000 9.995 8.975 6.350 5.019 5.000 5.000 5.000 5.000 5.000 5.000 5.000 5.117 6.400 8.369 8.838 8.329 8.041 8.029 8.295 8.800 9.404 9.868 10.000 10.000 10.000 10.000 10.000 10.000 10.000 10.000 10.000 10.000 10.000 10.000 10.000 10.000 10.000 10.000 10.000 10.157
13.106 14.877 15.000 15.000 15.000 15.000 15.000 15.000 15.000 15.000 15.000 15.000 15.000 15.000 15.000 14.396 12.181 10.362 10.000 10.000 10.000 10.000 10.000 10.000 10.000 9.602 7.303 5.210 5.000 5.000 5.000 5.000 5.000 5.000 5.000 5.495 7.482 9.426 9.524 9.161 8.938 8.928 9.136 9.492 9.837 9.997 10.000 10.000 10.000 10.000 10.000 10.000 10.000 10.000 10.000 10.000 10.000 10.000 10.000 10.000 10.000 10.000 10.000 10.583
13.989 14.998 15.000 15.000 15.000 15.000 15.000 15.000 15.000 15.000 15.000 15.000 15.000 15.000 15.000 14.833 13.177 10.965 10.042 10.000 10.000 10.000 10.000 10.000 10.000 9.921 8.293 5.691 5.000 5.000 5.000 5.000 5.000 5.000 5.080 6.181 8.459 9.903 9.891 9.711 9.579 9.574 9.696 9.877 9.992 10.000 10.000 10.000 10.000 10.000 10.000 10.000 10.000 10.000 10.000 10.000 10.000 10.000 10.000 10.000 10.000 10.000 10.013 11.314
14.611 15.000 15.000 15.000 15.000 15.000 15.000 15.000 15.000 15.000 15.000 15.000 15.000 15.000 15.000 14.991 14.045 11.836 10.291 10.000 10.000 10.000 10.000 10.000 10.000 10.000 9.135 6.470 5.027 5.000 5.000 5.000 5.000 5.000 5.400 7.105 9.258 10.000 10.000 9.958 9.912 9.910 9.953 9.998 10.000 10.000 10.000 10.000 10.000 10.000 10.000 10.000 10.000 10.000 10.000 10.000 10.000 10.000 10.000 10.000 10.000 10.000 10.184 12.261
14.924 15.000 15.000 15.000 15.000 15.000 15.000 15.000 15.000 15.000 15.000 15.000 15.000 15.000 15.000 15.000 14.644 12.833 10.841 10.047 10.000 10.000 10.000 10.000 10.000 10.000 9.696 7.439 5.238 5.000 5.000 5.000 5.000 5.082 6.029 8.104 9.763 10.000 10.000 10.000 10.000 10.000 10.000 10.000 10.000 10.000 10.000 10.000 10.000 10.000 10.000 10.000 10.000 10.000 10.000 10.000 10.000 10.000 10.000 10.000 10.000 10.000 10.640 13.254
15.000 15.000 15.000 15.000 15.000 15.000 15.000 15.000 15.000 15.000 15.000 15.000 15.000 15.000 15.000 15.000 14.936 13.766 11.674 10.305 10.000 10.000 10.000 10.000 10.000 10.000 9.953 8.420 5.745 5.000 5.000 5.000 5.002 5.405 6.917 8.987 9.974 10.000 10.000 10.000 10.000 10.000 10.000 10.000 10.000 10.000 10.000 10.000 10.000 10.000 10.000 10.000 10.000 10.000 10.000 10.000 10.000 10.000 10.000 10.000 10.000 10.017 11.396 14.105
15.000 15.000 15.000 15.000 15.000 15.000 15.000 15.000 15.000 15.000 15.000 15.000 15.000 15.000 15.000 15.000 15.000 14.471 12.663 10.867 10.088 10.000 10.000 10.000 10.000 10.000 10.000 9.229 6.545 5.033 5.000 5.000 5.129 6.037 7.916 9.610 10.000 10.000 10.000 10.000 10.000 10.000 10.000 10.000 10.000 10.000 10.000 10.000 10.000 10.000 10.000 10.000 10.000 10.000 10.000 10.000 10.000 10.000 10.000 10.000 10.000 10.204 12.356 14.679
15.000 15.000 15.000 15.000 15.000 15.000 15.000 15.000 15.000 15.000 15.000 15.000 15.000 15.000 15.000 15.000 15.000 14.868 13.620 11.708 10.420 10.021 10.000 10.000 10.000 10.000 10.000 9.748 7.522 5.260 5.000 5.038 5.521 6.927 8.836 9.923 10.000 10.000 10.000 10.000 10.000 10.000 10.000 10.000 10.000 10.000 10.000 10.000 10.000 10.000 10.000 10.000 10.000 10.000 10.000 10.000 10.000 10.000 10.000 10.000 10.000 10.679 13.344 14.948
15.000 15.000 15.000 15.000 15.000 15.000 15.000 15.000 15.000 15.000 15.000 15.000 15.000 15.000 15.000 15.000 15.000 14.997 14.372 12.699 11.062 10.216 10.005 10.000 10.000 10.000 10.000 9.969 8.496 5.785 5.012 5.278 6.222 7.926 9.516 10.000 10.000 10.000 10.000 10.000 10.000 10.000 10.000 10.000 10.000 10.000 10.000 10.000 10.000 10.000 10.000 10.000 10.000 10.000 10.000 10.000 10.000 10.000 10.000 10.000 10.022 11.452 14.172 15.000
15.000 15.000 15.000 15.000 15.000 15.000 15.000 15.000 15.000 15.000 15.000 15.000 15.000 15.000 15.000 15.000 15.000 15.000 14.822 13.652 11.958 10.703 10.143 10.006 10.000 10.000 10.000 10.000 9.284 6.610 5.222 5.818 7.153 8.844 9.887 10.000 10.000 10.000 10.000 10.000 10.000 10.000 10.000 10.000 10.000 10.000 10.000 10.000 10.000 10.000 10.000 10.000 10.000 10.000 10.000 10.000 10.000 10.000 10.000 10.000 10.223 12.419 14.717 15.000
15.000 15.000 15.000 15.000 15.000 15.000 15.000 15.000 15.000 15.000 15.000 15.000 15.000 15.000 15.000 15.000 15.000 15.000 14.989 14.394 12.958 11.486 10.554 10.150 10.029 10.002 10.000 10.003 9.814 7.761 5.919 6.643 8.151 9.521 9.999 10.000 10.000 10.000 10.000 10.000 10.000 10.000 10.000 10.000 10.000 10.000 10.000 10.000 10.000 10.000 10.000 10.000 10.000 10.000 10.000 10.000 10.000 10.000 10.000 10.000 10.716 13.402 14.960 15.000
15.000 15.000 15.000 15.000 15.000 15.000 15.000 15.000 15.000 15.000 15.000 15.000 15.000 15.000 15.000 15.000 15.000 15.000 15.000 14.832 13.870 12.457 11.272 10.569 10.246 10.122 10.096 10.130 10.249 9.179 7.219 7.629 9.024 9.889 10.000 10.000 10.000 10.000 10.000 10.000 10.000 10.000 10.000 10.000 10.000 10.000 10.000 10.000 10.000 10.000 10.000 10.000 10.000 10.000 10.000 10.000 10.000 10.000 10.000 10.031 11.504 14.215 15.000 15.000
15.000 15.000 15.000 15.000 15.000 15.000 15.000 15.000 15.000 15.000 15.000 15.000 15.000 15.000 15.000 15.000 15.000 15.000 15.000 14.991 14.538 13.437 12.212 11.293 10.759 10.506 10.441 10.525 10.807 10.705 9.007 8.644 9.632 9.999 10.000 10.000 10.000 10.000 10.000 10.000 10.000 10.000 10.000 10.000 10.000 10.000 10.000 10.000 10.000 10.000 10.000 10.000 10.000 10.000 10.000 10.000 10.000 10.000 10.000 10.252 12.478 14.740 15.000 15.000
15.000 15.000 15.000 15.000 15.000 15.000 15.000 15.000 15.000 15.000 15.000 15.000 15.000 15.000 15.000 15.000 15.000 15.000 15.000 15.000 14.896 14.241 13.208 12.237 11.563 11.198 11.096 11.227 11.629 12.139 10.982 9.673 9.931 10.000 10.000 10.000 10.000 10.000 10.000 10.000 10.000 10.000 10.000 10.000 10.000 10.000 10.000 10.000 10.000 10.000 10.000 10.000 10.000 10.000 10.000 10.000 10.000 10.000 10.000 10.771 13.455 14.967 15.000 15.000
15.000 15.000 15.000 15.000 15.000 15.000 15.000 15.000 15.000 15.000 15.000 15.000 15.000 15.000 15.000 15.000 15.000 15.000 15.000 15.000 15.000 14.754 14.069 13.231 12.543 12.125 12.001 12.160 12.614 13.313 12.772 10.707 10.000 10.000 10.000 10.000 10.000 10.000 10.000 10.000 10.000 10.000 10.000 10.000 10.000 10.000 10.000 10.000 10.000 10.000 10.000 10.000 10.000 10.000 10.000 10.000 10.000 10.000 10.047 11.580 14.255 15.000 15.000 15.000
15.000 15.000 15.000 15.000 15.000 15.000 15.000 15.000 15.000 15.000 15.000 15.000 15.000 15.000 15.000 15.000 15.000 15.000 15.000 15.000 15.000 14.971 14.658 14.087 13.514 13.123 13.001 13.157 13.577 14.162 14.075 11.732 10.076 10.000 10.000 10.000 10.000 10.000 10.000 10.000 10.000 10.000 10.000 10.000 10.000 10.000 10.000 10.000 10.000 10.000 10.000 10.000 10.000 10.000 10.000 10.000 10.000 10.000 10.304 12.561 14.762 15.000 15.000 15.000
15.000 15.000 15.000 15.000 15.000 15.000 15.000 15.000 15.000 15.000 15.000 15.000 15.000 15.000 15.000 15.000 15.000 15.000 15.000 15.000 15.000 15.000 14.940 14.668 14.297 14.003 13.905 14.029 14.342 14.711 14.775 12.739 10.389 10.000 10.000 10.000 10.000 10.000 10.000 10.000 10.000 10.000 10.000 10.000 10.000 10.000 10.000 10.000 10.000 10.000 10.000 10.000 10.000 10.000 10.000 10.000 10.000 10.000 10.865 13.530 14.973 15.000 15.000 15.000
15.000 15.000 15.000 15.000 15.000 15.000 15.000 15.000 15.000 15.000 15.000 15.000 15.000 15.000 15.000 15.000 15.000 15.000 15.000 15.000 15.000 15.000 15.000 14.944 14.784 14.619 14.559 14.635 14.807 14.958 14.987 13.686 11.011 10.002 10.000 10.000 10.000 10.000 10.000 10.000 10.000 10.000 10.000 10.000 10.000 10.000 10.000 10.000 10.000 10.000 10.000 10.000 10.000 10.000 10.000 10.000 10.000 10.079 11.707 14.309 15.000 15.000 15.000 15.000
15.000 15.000 15.000 15.000 15.000 15.000 15.000 15.000 15.000 15.000 15.000 15.000 15.000 15.000 15.000 15.000 15.000 15.000 15.000 15.000 15.000 15.000 15.000 15.000 14.979 14.927 14.905 14.932 14.985 15.000 15.000 14.417 11.894 10.123 10.000 10.000 10.000 10.000 10.000 10.000 10.000 10.000 10.000 10.000 10.000 10.000 10.000 10.000 10.000 10.000 10.000 10.000 10.000 10.000 10.000 10.000 10.000 10.398 12.697 14.790 15.000 15.000 15.000 15.000
15.000 15.000 15.000 15.000 15.000 15.000 15.000 15.000 15.000 15.000 15.000 15.000 15.000 15.000 15.000 15.000 15.000 15.000 15.000 15.000 15.000 15.000 15.000 15.000 15.000 15.000 15.000 15.000 15.000 15.000 15.000 14.843 12.893 10.509 10.000 10.000 10.000 10.000 10.000 10.000 10.000 10.000 10.000 10.000 10.000 10.000 10.000 10.000 10.000 10.000 10.000 10.000 10.000 10.000 10.000 10.000 10.005 11.025 13.650 14.981 15.000 15.000 15.000 15.000
15.000 15.000 15.000 15.000 15.000 15.000 15.000 15.000 15.000 15.000 15.000 15.000 15.000 15.000 15.000 15.000 15.000 15.000 15.000 15.000 15.000 15.000 15.000 15.000 15.000 15.000 15.000 15.000 15.000 15.000 15.000 14.993 13.816 11.202 10.023 10.000 10.000 10.000 10.000 10.000 10.000 10.000 10.000 10.000 10.000 10.000 10.000 10.000 10.000 10.000 10.000 10.000 10.000 10.000 10.000 10.000 10.147 11.912 14.393 15.000 15.000 15.000 15.000 15.000
15.007 15.000 15.000 15.000 15.000 15.000 15.000 15.000 15.000 15.000 15.000 15.000 15.000 15.000 15.000 15.000 15.000 15.000 15.000 15.000 15.000 15.000 15.000 15.000 15.000 15.000 15.000 15.000 15.000 15.000 15.000 15.000 14.503 12.129 10.227 10.000 10.000 10.000 10.000 10.000 10.000 10.000 10.000 10.000 10.000 10.000 10.000 10.000 10.000 10.000 10.000 10.000 10.000 10.000 10.000 10.000 10.563 12.911 14.832 15.000 15.031 15.081 15.094 15.058
15.157 15.022 15.000 15.000 15.000 15.000 15.000 15.000 15.000 15.000 15.000 15.000 15.000 15.000 15.000 15.000 15.000 15.000 15.000 15.000 15.000 15.000 15.000 15.000 15.000 15.000 15.000 15.000 15.000 15.000 15.000 15.000 14.882 13.128 10.723 10.000 10.000 10.000 10.000 10.000 10.000 10.000 10.000 10.000 10.000 10.000 10.000 10.000 10.000 10.000 10.000 10.000 10.000 10.000 10.000 10.045 11.284 13.832 14.991 15.081 15.253 15.403 15.436 15.336
15.583 15.222 15.017 15.000 15.000 15.000 15.000 15.000 15.000 15.000 15.000 15.000 15.000 15.000 15.000 15.000 15.000 15.000 15.000 15.000 15.000 15.000 15.000 15.000 15.000 15.000 15.000 15.000 15.000 15.000 15.000 15.000 14.999 14.006 11.514 10.093 10.000 10.000 10.000 10.000 10.000 10.000 10.000 10.000 10.000 10.000 10.000 10.000 10.000 10.000 10.000 10.000 10.000 10.000 10.000 10.300 12.227 14.513 15.096 15.404 15.773 16.034 16.088 15.921
16.314 15.715 15.202 15.001 15.000 15.000 15.000 15.000 15.000 15.000 15.000 15.000 15.000 15.000 15.000 15.000 15.000 15.000 15.000 15.000 15.000 15.000 15.000 15.000 15.000 15.000 15.000 15.000 15.000 15.000 15.000 15.000 15.000 14.621 12.489 10.434 10.000 10.000 10.000 10.000 10.000 10.000 10.000 10.000 10.000 10.000 10.000 10.000 10.000 10.000 10.000 10.000 10.000 10.000 10.009 10.858 13.222 14.950 15.441 16.034 16.583 16.924 16.991 16.779
17.262 16.503 15.675 15.113 15.000 15.000 15.000 15.000 15.000 15.000 15.000 15.000 15.000 15.000 15.000 15.000 15.000 15.000 15.000 15.000 15.000 15.000 15.000 15.000 15.000 15.000 15.000 15.000 15.000 15.000 15.000 15.000 15.000 14.928 13.465 11.084 10.041 10.000 10.000 10.000 10.000 10.000 10.000 10.000 10.000 10.000 10.000 10.000 10.000 10.000 10.000 10.000 10.000 10.000 10.165 11.697 14.093 15.352 16.096 16.924 17.564 17.923 17.991 17.774
18.255 17.476 16.447 15.485 15.026 15.000 15.000 15.000 15.000 15.000 15.000 15.000 15.000 15.000 15.000 15.000 15.000 15.000 15.000 15.000 15.000 15.000 15.000 15.000 15.000 15.000 15.000 15.000 15.000 15.000 15.000 15.000 15.000 15.000 14.262 11.986 10.285 10.000 10.000 10.000 10.000 10.000 10.000 10.000 10.000 10.000 10.000 10.000 10.000 10.000 10.000 10.000 10.000 10.001 10.601 12.687 14.849 15.950 17.000 17.923 18.533 18.842 18.897 18.716
19.105 18.454 17.413 16.166 15.234 15.000 15.000 15.000 15.000 15.000 15.000 15.000 15.000 15.000 15.000 15.000 15.000 15.000 15.000 15.000 15.000 15.000 15.000 15.000 15.000 15.000 15.000 15.000 15.000 15.000 15.000 15.000 15.000 15.000 14.765 12.985 10.830 10.024 10.000 10.000 10.000 10.000 10.000 10.000 10.000 10.000 10.000 10.000 10.000 10.000 10.000 10.000 10.000 10.113 11.340 13.685 15.584 16.817 18.000 18.842 19.311 19.519 19.554 19.438
19.679 19.254 18.396 17.086 15.738 15.047 15.000 15.000 15.000 15.000 15.000 15.000 15.000 15.000 15.000 15.000 15.000 15.000 15.000 15.000 15.000 15.000 15.000 15.000 15.000 15.000 15.000 15.000 15.000 15.000 15.000 15.000 15.000 15.000 14.974 13.893 11.660 10.228 10.000 10.000 10.000 10.000 10.000 10.000 10.000 10.000 10.000 10.000 10.000 10.000 10.000 10.000 10.001 10.484 12.292 14.680 16.399 17.813 18.905 19.520 19.791 19.889 19.903 19.853
19.948 19.761 19.211 18.085 16.534 15.306 15.000 15.000 15.000 15.000 15.000 15.000 15.000 15.000 15.000 15.000 15.000 15.000 15.000 15.000 15.000 15.000 15.000 15.000 15.000 15.000 15.000 15.000 15.000 15.000 15.000 15.000 15.000 15.000 15.000 14.552 12.647 10.725 10.029 10.000 10.000 10.000 10.000 10.000 10.000 10.000 10.000 10.000 10.000 10.000 10.000 10.000 10.111 11.164 13.338 15.675 17.359 18.750 19.559 19.889 19.981 19.999 20.000 19.995
20.000 19.973 19.738 18.973 17.511 15.867 15.043 15.000 15.000 15.000 15.000 15.000 15.000 15.000 15.000 15.000 15.000 15.000 15.000 15.000 15.000 15.000 15.000 15.000 15.000 15.000 15.000 15.000 15.000 15.000 15.000 15.000 15.000 15.000 15.000 14.902 13.607 11.517 10.247 10.000 10.000 10.000 10.000 10.000 10.000 10.000 10.000 10.000 10.000 10.000 10.000 10.008 10.480 12.084 14.453 16.672 18.346 19.460 19.905 19.999 20.000 20.000 20.000 20.000
20.000 20.000 19.967 19.601 18.485 16.709 15.293 15.000 15.000 15.000 15.000 15.000 15.000 15.000 15.000 15.000 15.000 15.000 15.000 15.000 15.000 15.000 15.000 15.000 15.000 15.000 15.000 15.000 15.000 15.000 15.000 15.000 15.000 15.000 15.000 15.000 14.363 12.491 10.761 10.066 10.000 10.000 10.000 10.000 10.000 10.000 10.000 10.000 10.000 10.000 10.000 10.164 11.158 13.120 15.595 17.671 19.174 19.863 20.000 20.000 20.000 20.000 20.000 20.000
20.000 20.000 20.000 19.920 19.277 17.700 15.844 15.018 15.000 15.000 15.000 15.000 15.000 15.000 15.000 15.000 15.000 15.000 15.000 15.000 15.000 15.000 15.000 15.000 15.000 15.000 15.000 15.000 15.000 15.000 15.000 15.000 15.000 15.000 15.000 15.000 14.817 13.468 11.566 10.360 10.012 10.000 10.000 10.000 10.000 10.000 10.000 10.000 10.000 10.000 10.054 10.599 12.077 14.245 16.709 18.627 19.718 19.996 20.000 20.000 20.000 20.000 20.000 20.000
20.000 20.000 20.000 20.000 19.773 18.653 16.679 15.208 15.000 15.000 15.000 15.000 15.000 15.000 15.000 15.000 15.000 15.000 15.000 15.000 15.000 15.000 15.000 15.000 15.000 15.000 15.000 15.000 15.000 15.000 15.000 15.000 15.000 15.000 15.000 15.000 14.988 14.264 12.546 10.961 10.180 10.002 10.000 10.000 10.000 10.000 10.000 10.000 10.000 10.020 10.325 11.338 13.085 15.410 17.751 19.377 19.960 20.000 20.000 20.000 20.000 20.000 20.000 20.000
20.000 20.000 20.000 20.000 19.977 19.394 17.668 15.687 15.000 15.000 15.000 15.000 15.000 15.000 15.000 15.000 15.000 15.000 15.000 15.000 15.000 15.000 15.000 15.000 15.000 15.000 15.000 15.000 15.000 15.000 15.000 15.000 15.000 15.000 15.000 15.000 15.000 14.766 13.517 11.831 10.632 10.121 10.003 10.000 10.000 10.000 10.000 10.000 10.017 10.212 10.901 12.289 14.132 16.553 18.696 19.824 20.000 20.000 20.000 20.000 20.000 20.000 20.000 20.000
20.000 20.000 20.000 20.000 20.000 19.833 18.624 16.464 15.100 15.000 15.000 15.000 15.000 15.000 15.000 15.000 15.000 15.000 15.000 15.000 15.000 15.000 15.000 15.000 15.000 15.000 15.000 15.000 15.000 15.000 15.000 15.000 15.000 15.000 15.000 15.000 15.000 14.975 14.299 12.828 11.386 10.505 10.133 10.024 10.001 10.000 10.004 10.043 10.202 10.696 11.753 13.281 15.199 17.619 19.424 19.989 20.000 20.000 20.000 20.000 20.000 20.000 20.000 20.000
20.000 20.000 20.000 20.000 20.000 19.991 19.375 17.433 15.453 15.000 15.000 15.000 15.000 15.000 15.000 15.000 15.000 15.000 15.000 15.000 15.000 15.000 15.000 15.000 15.000 15.000 15.000 15.000 15.000 15.000 15.000 15.000 15.000 15.000 15.000 15.000 15.000 15.000 14.785 13.762 12.344 11.196 10.530 10.230 10.117 10.096 10.137 10.291 10.676 11.476 12.746 14.189 16.262 18.582 19.847 20.000 20.000 20.000 20.000 20.000 20.000 20.000 20.000 20.000
20.000 20.000 20.000 20.000 20.000 20.000 19.823 18.414 16.115 15.021 15.000 15.000 15.000 15.000 15.000 15.000 15.000 15.000 15.000 15.000 15.000 15.000 15.000 15.000 15.000 15.000 15.000 15.000 15.000 15.000 15.000 15.000 15.000 15.000 15.000 15.000 15.000 15.000 14.980 14.468 13.333 12.123 11.236 10.729 10.495 10.442 10.539 10.842 11.448 12.446 13.693 15.044 17.295 19.345 19.994 20.000 20.000 20.000 20.000 20.000 20.000 20.000 20.000 20.000
20.000 20.000 20.000 20.000 20.000 20.000 19.989 19.225 17.024 15.218 15.000 15.000 15.000 15.000 15.000 15.000 15.000 15.000 15.000 15.000 15.000 15.000 15.000 15.000 15.000 15.000 15.000 15.000 15.000 15.000 15.000 15.000 15.000 15.000 15.000 15.000 15.000 15.000 15.000 14.867 14.164 13.121 12.169 11.522 11.181 11.098 11.249 11.675 12.415 13.427 14.425 15.903 18.287 19.808 20.000 20.000 20.000 20.000 20.000 20.000 20.000 20.000 20.000 20.000
20.000 20.000 20.000 20.000 20.000 20.000 20.000 19.746 18.024 15.706 15.000 15.000 15.000 15.000 15.000 15.000 15.000 15.000 15.000 15.000 15.000 15.000 15.000 15.000 15.000 15.000 15.000 15.000 15.000 15.000 15.000 15.000 15.000 15.000 15.000 15.000 15.000 15.000 15.000 14.997 14.712 14.001 13.167 12.497 12.104 12.003 12.185 12.664 13.398 14.234 14.981 16.819 19.129 19.986 20.000 20.000 20.000 20.000 20.000 20.000 20.000 20.000 20.000 20.000
20.000 20.000 20.000 20.000 20.000 20.000 20.000 19.969 18.924 16.490 15.057 15.000 15.000 15.000 15.000 15.000 15.000 15.000 15.000 15.000 15.000 15.000 15.000 15.000 15.000 15.000 15.000 15.000 15.000 15.000 15.000 15.000 15.000 15.000 15.000 15.000 15.000 15.000 15.000 15.000 14.958 14.618 14.037 13.473 13.103 13.003 13.182 13.621 14.213 14.750 15.530 17.816 19.693 20.000 20.000 20.000 20.000 20.000 20.000 20.000 20.000 20.000 20.000 20.000
20.000 20.000 20.000 20.000 20.000 20.000 20.000 20.000 19.571 17.462 15.336 15.000 15.000 15.000 15.000 15.000 15.000 15.000 15.000 15.000 15.000 15.000 15.000 15.000 15.000 15.000 15.000 15.000 15.000 15.000 15.000 15.000 15.000 15.000 15.000 15.000 15.000 15.000 15.000 15.000 15.000 14.926 14.639 14.268 13.987 13.907 14.049 14.373 14.739 14.989 16.245 18.752 19.952 20.000 20.000 20.000 20.000 20.000 20.000 20.000 20.000 20.000 20.000 20.000
20.000 20.000 20.000 20.000 20.000 20.000 20.000 20.000 19.909 18.441 15.920 15.000 15.000 15.000 15.000 15.000 15.000 15.000 15.000 15.000 15.000 15.000 15.000 15.000 15.000 15.000 15.000 15.000 15.000 15.000 15.000 15.000 15.000 15.000 15.000 15.000 15.000 15.000 15.000 15.000 15.000 15.000 14.934 14.768 14.609 14.560 14.646 14.822 14.967 15.209 17.181 19.461 20.000 20.000 20.000 20.000 20.000 20.000 20.000 20.000 20.000 20.000 20.000 20.000
20.000 20.000 20.000 20.000 20.000 20.000 20.000 20.000 20.000 19.244 16.778 15.091 15.000 15.000 15.000 15.000 15.000 15.000 15.000 15.000 15.000 15.000 15.000 15.000 15.000 15.000 15.000 15.000 15.000 15.000 15.000 15.000 15.000 15.000 15.000 15.000 15.000 15.000 15.000 15.000 15.000 15.000 15.000 14.975 14.923 14.905 14.936 14.989 15.000 15.690 18.177 19.864 20.000 20.000 20.000 20.000 20.000 20.000 20.000 20.000 20.000 20.000 20.000 20.000
20.000 20.000 20.000 20.000 20.000 20.000 20.000 20.000 20.000 19.756 17.773 15.428 15.000 15.000 15.000 15.000 15.000 15.000 15.000 15.000 15.000 15.000 15.000 15.000 15.000 15.000 15.000 15.000 15.000 15.000 15.000 15.000 15.000 15.000 15.000 15.000 15.000 15.000 15.000 15.000 15.000 15.000 15.000 15.000 15.000 15.000 15.000 15.000 15.035 16.468 19.045 19.997 20.000 20.000 20.000 20.000 20.000 20.000 20.000 20.000 20.000 20.000 20.000 20.000
20.000 20.000 20.000 20.000 20.000 20.000 20.000 20.000 20.000 19.972 18.715 16.075 15.001 15.000 15.000 15.000 15.000 15.000 15.000 15.000 15.000 15.000 15.000 15.000 15.000 15.000 15.000 15.000 15.000 15.000 15.000 15.000 15.000 15.000 15.000 15.000 15.000 15.000 15.000 15.000 15.000 15.000 15.000 15.000 15.000 15.000 15.000 15.000 15.268 17.437 19.644 20.000 20.000 20.000 20.000 20.000 20.000 20.000 20.000 20.000 20.000 20.000 20.000 20.000
20.000 20.000 20.000 20.000 20.000 20.000 20.000 20.000 20.000 20.000 19.437 16.974 15.116 15.000 15.000 15.000 15.000 15.000 15.000 15.000 15.000 15.000 15.000 15.000 15.000 15.000 15.000 15.000 15.000 15.000 15.000 15.000 15.000 15.000 15.000 15.000 15.000 15.000 15.000 15.000 15.000 15.000 15.000 15.000 15.000 15.000 15.000 15.000 15.800 18.418 19.936 20.000 20.000 20.000 20.000 20.000 20.000 20.000 20.000 20.000 20.000 20.000 20.000 20.000
20.000 20.000 20.000 20.000 20.000 20.000 20.000 20.000 20.000 20.000 19.853 17.974 15.491 15.000 15.000 15.000 15.000 15.000 15.000 15.000 15.000 15.000 15.000 15.000 15.000 15.000 15.000 15.000 15.000 15.000 15.000 15.000 15.000 15.000 15.000 15.000 15.000 15.000 15.000 15.000 15.000 15.000 15.000 15.000 15.000 15.000 15.000 15.048 16.619 19.228 20.000 20.000 20.000 20.000 20.000 20.000 20.000 20.000 20.000 20.000 20.000 20.000 20.000 20.000
20.000 20.000 20.000 20.000 20.000 20.000 20.000 20.000 20.000 20.000 19.995 18.883 16.176 15.003 15.000 15.000 15.000 15.000 15.000 15.000 15.000 15.000 15.000 15.000 15.000 15.000 15.000 15.000 15.000 15.000 15.000 15.000 15.000 15.000 15.000 15.000 15.000 15.000 15.000 15.000 15.000 15.000 15.000 15.000 15.000 15.000 15.000 15.307 17.603 19.747 20.000 20.000 20.000 20.000 20.000 20.000 20.000 20.000 20.000 20.000 20.000 20.000 20.000 20.000
20.000 20.000 20.000 20.000 20.000 20.000 20.000 20.000 20.000 20.000 20.000 19.546 17.098 15.134 15.000 15.000 15.000 15.000 15.000 15.000 15.000 15.000 15.000 15.000 15.000 15.000 15.000 15.000 15.000 15.000 15.000 15.000 15.000 15.000 15.000 15.000 15.000 15.000 15.000 15.000 15.000 15.000 15.000 15.000 15.000 15.000 15.000 15.870 18.568 19.969 20.000 20.000 20.000 20.000 20.000 20.000 20.000 20.000 20.000 20.000 20.000 20.000 20.000 20.000
20.000 20.000 20.000 20.000 20.000 20.000 20.000 20.000 20.000 20.000 20.000 19.899 18.097 15.533 15.000 15.000 15.000 15.000 15.000 15.000 15.000 15.000 15.000 15.000 15.000 15.000 15.000 15.000 15.000 15.000 15.000 15.000 15.000 15.000 15.000 15.000 15.000 15.000 15.000 15.000 15.000 15.000 15.000 15.000 15.000 15.000 15.057 16.713 19.335 20.000 20.000 20.000 20.000 20.000 20.000 20.000 20.000 20.000 20.000 20.000 20.000 20.000 20.000 20.000
20.000 20.000 20.000 20.000 20.000 20.000 20.000 20.000 20.000 20.000 20.000 20.000 18.982 16.240 15.005 15.000 15.000 15.000 15.000 15.000 15.000 15.000 15.000 15.000 15.000 15.000 15.000 15.000 15.000 15.000 15.000 15.000 15.000 15.000 15.000 15.000 15.000 15.000 15.000 15.000 15.000 15.000 15.000 15.000 15.000 15.000 15.334 17.704 19.803 20.000 20.000 20.000 20.000 20.000 20.000 20.000 20.000 20.000 20.000 20.000 20.000 20.000 20.000 20.000
20.000 20.000 20.000 20.000 20.000 20.000 20.000 20.000 20.000 20.000 20.000 20.000 19.606 17.175 15.148 15.000 15.000 15.000 15.000 15.000 15.000 15.000 15.000 15.000 15.000 15.000 15.000 15.000 15.000 15.000 15.000 15.000 15.000 15.000 15.000 15.000 15.000 15.000 15.000 15.000 15.000 15.000 15.000 15.000 15.000 15.000 15.917 18.656 19.984 20.000 20.000 20.000 20.000 20.000 20.000 20.000 20.000 20.000 20.000 20.000 20.000 20.000 20.000 20.000
20.000 20.000 20.000 20.000 20.000 20.000 20.000 20.000 20.000 20.000 20.000 20.000 19.922 18.172 15.565 15.000 15.000 15.000 15.000 15.000 15.000 15.000 15.000 15.000 15.000 15.000 15.000 15.000 15.000 15.000 15.000 15.000 15.000 15.000 15.000 15.000 15.000 15.000 15.000 15.000 15.000 15.000 15.000 15.000 15.000 15.065 16.774 19.397 20.000 20.000 20.000 20.000 20.000 20.000 20.000 20.000 20.000 20.000 20.000 20.000 20.000 20.000 20.000 20.000
20.000 20.000 20.000 20.000 20.000 20.000 20.000 20.000 20.000 20.000 20.000 20.000 20.000 19.041 16.288 15.009 15.000 15.000 15.000 15.000 15.000 15.000 15.000 15.000 15.000 15.000 15.000 15.000 15.000 15.000 15.000 15.000 15.000 15.000 15.000 15.000 15.000 15.000 15.000 15.000 15.000 15.000 15.000 15.000 15.000 15.359 17.769 19.834 20.000 20.000 20.000 20.000 20.000 20.000 20.000 20.000 20.000 20.000 20.000 20.000 20.000 20.000 20.000 20.000
20.000 20.000 20.000 20.000 20.000 20.000 20.000 20.000 20.000 20.000 20.000 20.000 20.000 19.641 17.231 15.166 15.000 15.000 15.000 15.000 15.000 15.000 15.000 15.000 15.000 15.000 15.000 15.000 15.000 15.000 15.000 15.000 15.000 15.000 15.000 15.000 15.000 15.000 15.000 15.000 15.000 15.000 15.000 15.000 15.000 15.959 18.712 19.991 20.000 20.000 20.000 20.000 20.000 20.000 20.000 20.000 20.000 20.000 20.000 20.000 20.000 20.000 20.000 20.000
20.000 20.000 20.000 20.000 20.000 20.000 20.000 20.000 20.000 20.000 20.000 20.000 20.000 19.935 18.226 15.603 15.000 15.000 15.000 15.000 15.000 15.000 15.000 15.000 15.000 15.000 15.000 15.000 15.000 15.000 15.000 15.000 15.000 15.000 15.000 15.000 15.000 15.000 15.000 15.000 15.000 15.000 15.000 15.000 15.078 16.828 19.435 20.000 20.000 20.000 20.000 20.000 20.000 20.000 20.000 20.000 20.000 20.000 20.000 20.000 20.000 20.000 20.000 20.000
20.000 20.000 20.000 20.000 20.000 20.000 20.000 20.000 20.000 20.000 20.000 20.000 20.000 20.000 19.083 16.344 15.016 15.000 15.000 15.000 15.000 15.000 15.000 15.000 15.000 15.000 15.000 15.000 15.000 15.000 15.000 15.000 15.000 15.000 15.000 15.000 15.000 15.000 15.000 15.000 15.000 15.000 15.000 15.000 15.394 17.825 19.852 20.000 20.000 20.000 20.000 20.000 20.000 20.000 20.000 20.000 20.000 20.000 20.000 20.000 20.000 20.000 20.000 20.000
20.000 20.000 20.000 20.000 20.000 20.000 20.000 20.000 20.000 20.000 20.000 20.000 20.000 20.000 19.666 17.296 15.197 15.000 15.000 15.000 15.000 15.000 15.000 15.000 15.000 15.000 15.000 15.000 15.000 15.000 15.000 15.000 15.000 15.000 15.000 15.000 15.000 15.000 15.000 15.000 15.000 15.000 15.000 15.000 16.018 18.760 19.995 20.000 20.000 20.000 20.000 20.000 20.000 20.000 20.000 20.000 20.000 20.000 20.000 20.000 20.000 20.000 20.000 20.000
20.000 20.000 20.000 20.000 20.000 20.000 20.000 20.000 20.000 20.000 20.000 20.000 20.000 20.000 19.943 18.287 15.665 15.000 15.000 15.000 15.000 15.000 15.000 15.000 15.000 15.000 15.000 15.000 15.000 15.000 15.000 15.000 15.000 15.000 15.000 15.000 15.000 15.000 15.000 15.000 15.000 15.000 15.000 15.101 16.903 19.467 20.000 20.000 20.000 20.000 20.000 20.000 20.000 20.000 20.000 20.000 20.000 20.000 20.000 20.000 20.000 20.000 20.000 20.000
20.000 20.000 20.000 20.000 20.000 20.000 20.000 20.000 20.000 20.000 20.000 20.000 20.000 20.000 20.000 19.130 16.432 15.031 15.000 15.000 15.000 15.000 15.000 15.000 15.000 15.000 15.000 15.000 15.000 15.000 15.000 15.000 15.000 15.000 15.000 15.000 15.000 15.000 15.000 15.000 15.000 15.000 15.000 15.454 17.902 19.866 20.000 20.000 20.000 20.000 20.000 20.000 20.000 20.000 20.000 20.000 20.000 20.000 20.000 20.000 20.000 20.000 20.000 20.000
20.000 20.000 20.000 20.000 20.000 20.000 20.000 20.000 20.000 20.000 20.000 20.000 20.000 20.000 20.000 19.693 17.397 15.253 15.000 15.000 15.000 15.000 15.000 15.000 15.000 15.000 15.000 15.000 15.000 15.000 15.000 15.000 15.000 15.000 15.000 15.000 15.000 15.000 15.000 15.000 15.000 15.000 15.005 16.117 18.824 19.997 20.000 20.000 20.000 20.000 20.000 20.000 20.000 20.000 20.000 20.000 20.000 20.000 20.000 20.000 20.000 20.000 20.000 20.000
20.000 20.000 20.000 20.000 20.000 20.000 20.000 20.000 20.000 20.000 20.000 20.000 20.000 20.000 20.000 19.952 18.381 15.772 15.000 15.000 15.000 15.000 15.000 15.000 15.000 15.000 15.000 15.000 15.000 15.000 15.000 15.000 15.000 15.000 15.000 15.000 15.000 15.000 15.000 15.000 15.000 15.000 15.147 17.026 19.509 20.000 20.000 20.000 20.000 20.000 20.000 20.000 20.000 20.000 20.000 20.000 20.000 20.000 20.000 20.000 20.000 20.000 20.000 20.000
