0 18 0 2
1 19 0 2
2 19 0 2
3 20 0 2
4 21 0 2
5 21 0 2
6 22 0 2
7 23 0 2
8 23 0 2
9 24 0 2
10 25 0 2
11 26 0 2
12 27 0 2
13 27 0 2
14 28 1 3
15 29 1 3
16 30 1 3
17 31 1 3
18 32 1 3
19 33 1 3
20 34 1 3
21 35 1 3
22 36 1 3
23 37 1 3
24 38 2 0
25 39 2 0
26 40 2 0
27 41 2 0
28 42 2 0
29 44 2 0
30 45 2 0
31 46 2 0
32 47 3 2
33 49 3 2
34 50 3 2
35 51 3 2
36 53 3 2
37 54 3 2
38 56 3 2
39 57 4 3
40 59 4 3
41 60 4 3
42 62 4 3
43 64 4 3
44 65 5 2
45 67 5 2
46 69 5 2
47 71 5 2
48 73 5 2
49 74 6 2
50 76 6 2
51 78 6 2
52 80 6 2
53 82 7 5
54 84 7 5
55 86 7 5
56 89 7 5
57 91 8 0
58 93 8 0
59 95 8 0
60 98 8 0
61 100 9 2
62 102 9 2
63 105 9 2
64 107 10 1
65 110 10 1
66 113 10 1
67 115 11 2
68 118 11 2
69 121 11 2
70 123 12 4
71 126 12 4
72 129 12 4
73 132 13 1
74 135 13 1
75 138 14 2
76 141 14 2
77 144 15 1
78 148 15 1
79 151 15 1
80 154 16 4
81 157 16 4
82 161 17 4
83 164 17 4
84 168 18 0
85 171 18 0
86 175 19 4
87 179 19 4
88 182 20 1
89 186 20 1
90 190 21 2
91 194 22 4
92 198 22 4
93 202 23 3
94 206 23 3
95 210 24 2
96 214 25 6
97 218 25 6
98 223 26 4
99 227 27 3
100 231 27 3
101 236 28 1
102 240 29 4
103 245 29 4
104 249 30 2
105 254 31 4
106 259 32 6
107 264 32 6
108 268 33 5
109 273 34 2
110 278 35 1
111 283 36 8
112 288 36 8
113 293 37 3
114 299 38 2
115 304 39 3
116 309 40 1
117 314 41 4
118 320 42 4
119 325 43 2
120 331 44 5
121 336 45 1
122 342 46 4
123 347 47 2
124 353 48 2
125 359 49 5
126 365 50 2
127 370 51 4
128 376 52 1
129 382 53 4
130 388 55 5
131 394 56 1
132 400 57 0
133 406 58 7
134 412 59 3
135 418 60 2
136 425 62 3
137 431 63 1
138 437 64 3
139 444 66 3
140 450 67 3
141 456 68 5
142 463 70 8
143 469 71 3
144 476 72 1
145 482 74 2
146 489 75 4
147 495 77 4
148 502 78 1
149 509 80 0
150 515 81 3
151 522 83 3
152 529 84 3
153 535 86 5
154 542 87 2
155 549 89 3
156 556 91 4
157 562 92 2
158 569 94 0
159 576 96 9
160 583 97 1
161 590 99 7
162 597 101 2
163 604 103 2
164 610 105 3
165 617 106 4
166 624 108 1
167 631 110 5
168 638 112 3
169 645 114 7
170 652 116 3
171 658 118 7
172 665 120 5
173 672 122 1
174 679 124 3
175 686 126 0
176 692 128 1
177 699 130 2
178 706 132 4
179 713 134 6
180 719 136 1
181 726 138 4
182 733 140 1
183 739 143 2
184 746 145 1
185 752 147 3
186 759 149 2
187 765 151 2
188 772 154 3
189 778 156 2
190 784 158 2
191 791 161 2
192 797 163 2
193 803 165 2
194 809 168 0
195 815 170 2
196 822 173 3
197 827 175 5
198 833 177 2
199 839 180 0
200 845 182 3
201 851 185 1
202 857 187 4
203 862 190 1
204 868 192 3
205 873 195 1
206 879 198 2
207 884 200 1
208 889 203 3
209 894 205 3
210 899 208 4
211 904 211 3
212 909 213 3
213 914 216 3
214 919 219 6
215 924 222 3
216 928 224 2
217 933 227 1
218 937 230 1
219 941 233 6
220 946 235 6
221 950 238 1
222 954 241 2
223 958 244 2
224 961 247 2
225 965 249 1
226 969 252 3
227 972 255 2
228 976 258 3
229 979 261 2
230 982 264 2
231 985 267 1
232 988 270 4
233 991 273 2
234 994 275 4
235 996 278 0
236 999 281 6
237 1001 284 3
238 1003 287 3
239 1006 290 1
240 1008 293 7
241 1010 296 4
242 1011 299 1
243 1013 302 2
244 1015 305 4
245 1016 308 2
246 1017 311 3
247 1018 314 2
248 1020 317 1
249 1020 320 3
250 1021 323 2
251 1022 326 1
252 1023 329 2
253 1023 332 2
254 1023 335 1
255 1023 338 2
256 1024 341 1
257 1023 344 1
258 1023 347 2
259 1023 350 2
260 1023 353 1
261 1022 356 2
262 1021 359 4
263 1020 362 0
264 1020 365 3
265 1018 368 3
266 1017 371 3
267 1016 374 5
268 1015 377 3
269 1013 380 5
270 1011 383 1
271 1010 386 6
272 1008 389 4
273 1006 392 1
274 1003 395 1
275 1001 398 3
276 999 401 6
277 996 404 6
278 994 407 4
279 991 410 3
280 988 413 4
281 985 415 6
282 982 418 2
283 979 421 3
284 976 424 3
285 972 427 2
286 969 430 1
287 965 433 2
288 961 435 3
289 958 438 4
290 954 441 4
291 950 444 1
292 946 447 0
293 941 449 3
294 937 452 5
295 933 455 1
296 928 458 1
297 924 460 1
298 919 463 7
299 914 466 5
300 909 468 3
301 904 471 4
302 899 474 4
303 894 476 1
304 889 479 2
305 884 482 6
306 879 484 1
307 873 487 2
308 868 489 4
309 862 492 1
310 857 494 1
311 851 497 4
312 845 499 3
313 839 502 4
314 833 504 1
315 827 507 2
316 822 509 2
317 815 512 0
318 809 514 2
319 803 516 3
320 797 519 4
321 791 521 1
322 784 523 3
323 778 526 4
324 772 528 2
325 765 530 1
326 759 532 1
327 752 535 3
328 746 537 4
329 739 539 7
330 733 541 0
331 726 543 0
332 719 545 1
333 713 547 2
334 706 550 2
335 699 552 7
336 692 554 1
337 686 556 2
338 679 558 7
339 672 560 1
340 665 562 1
341 658 564 2
342 652 565 3
343 645 567 2
344 638 569 1
345 631 571 0
346 624 573 3
347 617 575 4
348 610 577 2
349 604 578 2
350 597 580 4
351 590 582 6
352 583 584 4
353 576 585 4
354 569 587 5
355 562 589 5
356 556 590 1
357 549 592 2
358 542 593 3
359 535 595 6
360 529 597 3
361 522 598 2
362 515 600 5
363 509 601 0
364 502 603 0
365 495 604 7
366 489 605 1
367 482 607 6
368 476 608 1
369 469 610 1
370 463 611 5
371 456 612 0
372 450 614 4
373 444 615 2
374 437 616 0
375 431 618 5
376 425 619 4
377 418 620 0
378 412 621 6
379 406 622 4
380 400 624 3
381 394 625 2
382 388 626 5
383 382 627 0
384 376 628 3
385 370 629 3
386 365 630 4
387 359 631 3
388 353 632 1
389 347 633 2
390 342 634 4
391 336 635 4
392 331 636 3
393 325 637 5
394 320 638 2
395 314 639 3
396 309 640 3
397 304 641 5
398 299 642 2
399 293 643 3
400 288 644 6
401 283 644 6
402 278 645 6
403 273 646 2
404 268 647 2
405 264 648 0
406 259 648 0
407 254 649 4
408 249 650 5
409 245 651 2
410 240 651 2
411 236 652 1
412 231 653 0
413 227 653 0
414 223 654 2
415 218 655 5
416 214 655 5
417 210 656 7
418 206 657 5
419 202 657 5
420 198 658 3
421 194 658 3
422 190 659 1
423 186 659 1
424 182 660 3
425 179 660 3
426 175 661 4
427 171 661 4
428 168 662 1
429 164 662 1
430 161 663 2
431 157 663 2
432 154 664 0
433 151 664 0
434 148 665 2
435 144 665 2
436 141 666 2
437 138 666 2
438 135 666 2
439 132 667 1
440 129 667 1
441 126 668 2
442 123 668 2
443 121 668 2
444 118 669 3
445 115 669 3
446 113 669 3
447 110 670 4
448 107 670 4
449 105 670 4
450 102 671 0
451 100 671 0
452 98 671 0
453 95 671 0
454 93 672 1
455 91 672 1
456 89 672 1
457 86 672 1
458 84 673 1
459 82 673 1
460 80 673 1
461 78 673 1
462 76 674 4
463 74 674 4
464 73 674 4
465 71 674 4
466 69 675 1
467 67 675 1
468 65 675 1
469 64 675 1
470 62 675 1
471 60 675 1
472 59 676 2
473 57 676 2
474 56 676 2
475 54 676 2
476 53 676 2
477 51 676 2
478 50 677 5
479 49 677 5
480 47 677 5
481 46 677 5
482 45 677 5
483 44 677 5
484 42 677 5
485 41 678 3
486 40 678 3
487 39 678 3
488 38 678 3
489 37 678 3
490 36 678 3
491 35 678 3
492 34 678 3
493 33 678 3
494 32 678 3
495 31 679 3
496 30 679 3
497 29 679 3
498 28 679 3
499 27 679 3
500 27 679 3
501 26 679 3
502 25 679 3
503 24 679 3
504 23 679 3
505 23 679 3
506 22 679 3
507 21 679 3
508 21 680 1
509 20 680 1
510 19 680 1
511 19 680 1
512 18 680 1
513 18 680 1
514 17 680 1
515 17 680 1
516 16 680 1
517 16 680 1
518 15 680 1
519 15 680 1
520 14 680 1
521 14 680 1
522 13 680 1
523 13 680 1
524 12 680 1
525 12 680 1
526 11 680 1
527 11 680 1
528 11 680 1
529 10 680 1
530 10 681 2
531 10 681 2
532 9 681 2
533 9 681 2
534 9 681 2
535 8 681 2
536 8 681 2
537 8 681 2
538 7 681 2
539 7 681 2
540 7 681 2
541 7 681 2
542 6 681 2
543 6 681 2
544 6 681 2
545 6 681 2
546 6 681 2
547 5 681 2
548 5 681 2
549 5 681 2
550 5 681 2
551 5 681 2
552 4 681 2
553 4 681 2
554 4 681 2
555 4 681 2
556 4 681 2
557 4 681 2
558 3 681 2
559 3 681 2
560 3 681 2
561 3 681 2
562 3 681 2
563 3 681 2
564 3 681 2
565 3 681 2
566 2 681 2
567 2 681 2
568 2 681 2
569 2 681 2
570 2 681 2
571 2 681 2
572 2 681 2
573 2 681 2
574 2 681 2
575 2 681 2
576 1 681 2
577 1 681 2
578 1 681 2
579 1 681 2
580 1 681 2
581 1 681 2
582 1 681 2
583 1 681 2
584 1 681 2
585 1 681 2
586 1 681 2
587 1 681 2
588 1 681 2
589 1 681 2
590 1 681 2
591 1 681 2
592 1 681 2
593 1 681 2
594 0 681 2
595 0 681 2
596 0 681 2
597 0 681 2
598 0 681 2
599 0 681 2
600 0 681 2
601 0 681 2
602 0 681 2
603 0 681 2
604 0 681 2
605 0 681 2
606 0 681 2
607 0 681 2
608 0 681 2
609 0 681 2
610 0 681 2
611 0 681 2
612 0 681 2
613 0 681 2
614 0 681 2
615 0 681 2
616 0 681 2
617 0 681 2
618 0 681 2
619 0 681 2
620 0 681 2
621 0 681 2
622 0 681 2
623 0 681 2
624 0 681 2
625 0 681 2
626 0 681 2
627 0 681 2
628 0 681 2
629 0 681 2
630 0 681 2
631 0 681 2
632 0 681 2
633 0 681 2
634 0 681 2
635 0 681 2
636 0 681 2
637 0 681 2
638 0 681 2
639 0 681 2
640 0 681 2
641 0 681 2
642 0 681 2
643 0 681 2
644 0 681 2
645 0 681 2
646 0 681 2
647 0 681 2
648 0 681 2
649 0 681 2
650 0 681 2
651 0 681 2
652 0 681 2
653 0 681 2
654 0 681 2
655 0 681 2
656 0 681 2
657 0 681 2
658 0 681 2
659 0 681 2
660 0 681 2
661 0 681 2
662 0 681 2
663 0 681 2
664 0 681 2
665 0 681 2
666 0 681 2
667 0 681 2
668 0 681 2
669 0 681 2
670 0 681 2
671 0 681 2
672 0 681 2
673 0 681 2
674 0 681 2
675 0 681 2
676 0 681 2
677 0 681 2
678 0 681 2
679 0 681 2
680 0 681 2
681 0 681 2
682 0 681 2
683 0 681 2
684 0 681 2
685 0 681 2
686 0 681 2
687 0 681 2
688 0 681 2
689 0 681 2
690 0 681 2
691 0 681 2
692 0 681 2
693 0 681 2
694 0 681 2
695 0 681 2
696 0 681 2
697 0 681 2
698 0 681 2
699 0 681 2
700 0 681 2
701 0 681 2
702 0 681 2
703 0 681 2
704 0 681 2
705 0 681 2
706 0 681 2
707 0 681 2
708 0 681 2
709 0 681 2
710 0 681 2
711 0 681 2
712 0 681 2
713 0 681 2
714 0 681 2
715 0 681 2
716 0 681 2
717 0 681 2
718 0 681 2
719 0 681 2
720 0 681 2
721 0 681 2
722 0 681 2
723 0 681 2
724 0 681 2
725 0 681 2
726 0 681 2
727 0 681 2
728 0 681 2
729 0 681 2
730 0 681 2
731 0 681 2
732 0 681 2
733 0 681 2
734 0 681 2
735 0 681 2
736 0 681 2
737 0 681 2
738 0 681 2
739 0 681 2
740 0 681 2
741 0 681 2
742 0 681 2
743 0 681 2
744 0 681 2
745 0 681 2
746 0 681 2
747 0 681 2
748 0 681 2
749 0 681 2
750 0 681 2
751 0 681 2
752 0 681 2
753 0 681 2
754 0 681 2
755 0 681 2
756 0 681 2
757 0 681 2
758 0 681 2
759 0 681 2
760 0 681 2
761 0 681 2
762 0 681 2
763 0 681 2
764 0 681 2
765 0 681 2
766 0 681 2
767 0 681 2
768 0 681 2
769 0 681 2
770 0 681 2
771 0 681 2
772 0 681 2
773 0 681 2
774 0 681 2
775 0 681 2
776 0 681 2
777 0 681 2
778 0 681 2
779 0 681 2
780 0 681 2
781 0 681 2
782 0 681 2
783 0 681 2
784 0 681 2
785 0 681 2
786 0 681 2
787 0 681 2
788 0 681 2
789 0 681 2
790 0 681 2
791 0 681 2
792 0 681 2
793 0 681 2
794 0 681 2
795 0 681 2
796 0 681 2
797 0 681 2
798 0 681 2
799 0 681 2
800 0 681 2
801 0 681 2
802 0 681 2
803 0 681 2
804 0 681 2
805 0 681 2
806 0 681 2
807 0 681 2
808 0 681 2
809 0 681 2
810 0 681 2
811 0 681 2
812 0 681 2
813 0 681 2
814 0 681 2
815 0 681 2
816 0 681 2
817 0 681 2
818 0 681 2
819 0 681 2
820 0 681 2
821 0 681 2
822 0 681 2
823 0 681 2
824 0 681 2
825 0 681 2
826 0 681 2
827 1 681 2
828 1 681 2
829 1 681 2
830 1 682 2
831 1 682 2
832 1 682 2
833 1 682 2
834 1 682 2
835 1 682 2
836 1 682 2
837 1 682 2
838 1 682 2
839 1 682 2
840 1 682 2
841 1 682 2
842 1 682 2
843 1 682 2
844 1 682 2
845 1 682 2
846 1 682 2
847 1 682 2
848 1 682 2
849 1 682 2
850 1 682 2
851 1 682 2
852 1 682 2
853 1 682 2
854 1 682 2
855 1 682 2
856 1 682 2
857 1 682 2
858 1 682 2
859 1 682 2
860 1 682 2
861 2 682 2
862 2 682 2
863 2 682 2
864 2 682 2
865 2 682 2
866 2 682 2
867 2 682 2
868 2 682 2
869 2 682 2
870 2 682 2
871 2 682 2
872 2 682 2
873 2 682 2
874 2 682 2
875 2 682 2
876 2 682 2
877 2 682 2
878 2 682 2
879 2 682 2
880 2 682 2
881 2 682 2
882 3 682 2
883 3 682 2
884 3 682 2
885 3 682 2
886 3 682 2
887 3 682 2
888 3 682 2
889 3 682 2
890 3 682 2
891 3 682 2
892 3 682 2
893 3 682 2
894 3 682 2
895 3 682 2
896 3 682 2
897 3 682 2
898 4 682 2
899 4 682 2
900 4 682 2
901 4 682 2
902 4 682 2
903 4 682 2
904 4 682 2
905 4 682 2
906 4 682 2
907 4 682 2
908 4 682 2
909 4 682 2
910 5 682 2
911 5 682 2
912 5 682 2
913 5 682 2
914 5 682 2
915 5 682 2
916 5 682 2
917 5 682 2
918 5 682 2
919 5 682 2
920 6 682 2
921 6 682 2
922 6 682 2
923 6 682 2
924 6 682 2
925 6 682 2
926 6 682 2
927 6 682 2
928 6 682 2
929 7 682 2
930 7 682 2
931 7 683 4
932 7 683 4
933 7 683 4
934 7 683 4
935 7 683 4
936 7 683 4
937 8 683 4
938 8 683 4
939 8 683 4
940 8 683 4
941 8 683 4
942 8 683 4
943 9 683 4
944 9 683 4
945 9 683 4
946 9 683 4
947 9 683 4
948 9 683 4
949 9 683 4
950 10 683 4
951 10 683 4
952 10 683 4
953 10 683 4
954 10 683 4
955 11 683 4
956 11 683 4
957 11 683 4
958 11 683 4
959 11 683 4
960 11 683 4
961 12 683 4
962 12 683 4
963 12 683 4
964 12 683 4
965 12 684 2
966 13 684 2
967 13 684 2
968 13 684 2
969 13 684 2
970 14 684 2
971 14 684 2
972 14 684 2
973 14 684 2
974 15 684 2
975 15 684 2
976 15 684 2
977 15 684 2
978 16 684 2
979 16 684 2
980 16 684 2
981 16 684 2
982 17 684 2
983 17 684 2
984 17 684 2
985 17 684 2
986 18 684 2
987 18 685 0
988 18 685 0
989 19 685 0
990 19 685 0
991 19 685 0
992 19 685 0
993 20 685 0
994 20 685 0
995 20 685 0
996 21 685 0
997 21 685 0
998 21 685 0
999 22 685 0
1000 22 685 0
1001 22 685 0
1002 23 685 0
1003 23 686 4
1004 23 686 4
1005 24 686 4
1006 24 686 4
1007 25 686 4
1008 25 686 4
1009 25 686 4
1010 26 686 4
1011 26 686 4
1012 27 686 4
1013 27 686 4
1014 27 686 4
1015 28 686 4
1016 28 687 5
1017 29 687 5
1018 29 687 5
1019 29 687 5
1020 30 687 5
1021 30 687 5
1022 31 687 5
1023 31 687 5
1024 32 687 5
1025 32 687 5
1026 33 687 5
1027 33 688 0
1028 34 688 0
1029 34 688 0
1030 35 688 0
1031 35 688 0
1032 36 688 0
1033 36 688 0
1034 37 688 0
1035 37 688 0
1036 38 688 0
1037 38 689 1
1038 39 689 1
1039 39 689 1
1040 40 689 1
1041 41 689 1
1042 41 689 1
1043 42 689 1
1044 42 689 1
1045 43 690 1
1046 44 690 1
1047 44 690 1
1048 45 690 1
1049 45 690 1
1050 46 690 1
1051 47 690 1
1052 47 691 1
1053 48 691 1
1054 49 691 1
1055 49 691 1
1056 50 691 1
1057 51 691 1
1058 51 691 1
1059 52 692 2
1060 53 692 2
1061 54 692 2
1062 54 692 2
1063 55 692 2
1064 56 692 2
1065 57 693 5
1066 57 693 5
1067 58 693 5
1068 59 693 5
1069 60 693 5
1070 60 693 5
1071 61 694 3
1072 62 694 3
1073 63 694 3
1074 64 694 3
1075 65 694 3
1076 65 695 3
1077 66 695 3
1078 67 695 3
1079 68 695 3
1080 69 695 3
1081 70 696 7
1082 71 696 7
1083 72 696 7
1084 73 696 7
1085 73 696 7
1086 74 697 2
1087 75 697 2
1088 76 697 2
1089 77 697 2
1090 78 698 2
1091 79 698 2
1092 80 698 2
1093 81 698 2
1094 82 698 2
1095 83 699 5
1096 84 699 5
1097 85 699 5
1098 86 700 3
1099 88 700 3
1100 89 700 3
1101 90 700 3
1102 91 701 1
1103 92 701 1
1104 93 701 1
1105 94 701 1
1106 95 702 6
1107 97 702 6
1108 98 702 6
1109 99 703 3
1110 100 703 3
1111 101 703 3
1112 102 703 3
1113 104 704 2
1114 105 704 2
1115 106 704 2
1116 107 705 2
1117 109 705 2
1118 110 705 2
1119 111 706 1
1120 113 706 1
1121 114 706 1
1122 115 707 4
1123 117 707 4
1124 118 707 4
1125 119 708 3
1126 121 708 3
1127 122 708 3
1128 123 709 3
1129 125 709 3
1130 126 710 1
1131 128 710 1
1132 129 710 1
1133 131 711 1
1134 132 711 1
1135 134 711 1
1136 135 712 1
1137 137 712 1
1138 138 713 1
1139 140 713 1
1140 141 713 1
1141 143 714 3
1142 144 714 3
1143 146 715 3
1144 148 715 3
1145 149 716 3
1146 151 716 3
1147 152 717 2
1148 154 717 2
1149 156 717 2
1150 157 718 4
1151 159 718 4
1152 161 719 0
1153 163 719 0
1154 164 720 5
1155 166 720 5
1156 168 721 2
1157 170 721 2
1158 171 722 1
1159 173 722 1
1160 175 723 2
1161 177 723 2
1162 179 724 4
1163 181 724 4
1164 182 725 3
1165 184 726 5
1166 186 726 5
1167 188 727 1
1168 190 727 1
1169 192 728 2
1170 194 728 2
1171 196 729 4
1172 198 729 4
1173 200 730 2
1174 202 731 2
1175 204 731 2
1176 206 732 3
1177 208 732 3
1178 210 733 2
1179 212 734 4
1180 214 734 4
1181 216 735 3
1182 218 736 2
1183 220 736 2
1184 223 737 1
1185 225 738 2
1186 227 738 2
1187 229 739 1
1188 231 740 3
1189 234 740 3
1190 236 741 2
1191 238 742 2
1192 240 742 2
1193 243 743 4
1194 245 744 3
1195 247 745 3
1196 249 745 3
1197 252 746 2
1198 254 747 6
1199 256 748 4
1200 259 748 4
1201 261 749 1
1202 264 750 1
1203 266 751 6
1204 268 751 6
1205 271 752 2
1206 273 753 4
1207 276 754 3
1208 278 755 4
1209 281 756 1
1210 283 756 1
1211 286 757 7
1212 288 758 3
1213 291 759 3
1214 293 760 1
1215 296 761 2
1216 299 762 6
1217 301 762 6
1218 304 763 6
1219 306 764 1
1220 309 765 4
1221 312 766 2
1222 314 767 3
1223 317 768 0
1224 320 769 2
1225 322 770 1
1226 325 771 2
1227 328 772 2
1228 331 773 1
1229 333 774 2
1230 336 775 1
1231 339 776 2
1232 342 777 2
1233 345 778 5
1234 347 779 2
1235 350 780 3
1236 353 781 1
1237 356 782 3
1238 359 783 7
1239 362 784 1
1240 365 785 2
1241 367 786 3
1242 370 787 2
1243 373 788 2
1244 376 789 6
1245 379 791 1
1246 382 792 1
1247 385 793 1
1248 388 794 8
1249 391 795 1
1250 394 796 3
1251 397 797 3
1252 400 799 2
1253 403 800 1
1254 406 801 4
1255 409 802 3
1256 412 803 3
1257 415 805 3
1258 418 806 6
1259 422 807 7
1260 425 808 2
1261 428 810 1
1262 431 811 2
1263 434 812 2
1264 437 813 4
1265 440 815 3
1266 444 816 1
1267 447 817 2
1268 450 819 5
1269 453 820 3
1270 456 821 2
1271 460 823 3
1272 463 824 5
1273 466 825 2
1274 469 827 1
1275 472 828 2
1276 476 830 3
1277 479 831 1
1278 482 832 5
1279 486 834 1
1280 489 835 7
1281 492 837 4
1282 495 838 2
1283 499 840 4
1284 502 841 4
1285 505 843 3
1286 509 844 2
1287 512 846 4
1288 515 847 4
1289 519 849 2
1290 522 850 3
1291 525 852 6
1292 529 853 3
1293 532 855 1
1294 535 856 1
1295 539 858 4
1296 542 860 1
1297 546 861 4
1298 549 863 2
1299 552 865 2
1300 556 866 2
1301 559 868 5
1302 562 869 2
1303 566 871 1
1304 569 873 3
1305 573 874 3
1306 576 876 2
1307 580 878 3
1308 583 880 2
1309 586 881 8
1310 590 883 1
1311 593 885 2
1312 597 887 1
1313 600 888 2
1314 604 890 2
1315 607 892 5
1316 610 894 2
1317 614 896 2
1318 617 897 2
1319 621 899 3
1320 624 901 5
1321 628 903 5
1322 631 905 1
1323 634 907 6
1324 638 908 6
1325 641 910 3
1326 645 912 3
1327 648 914 3
1328 652 916 2
1329 655 918 3
1330 658 920 4
1331 662 922 1
1332 665 924 3
1333 669 926 1
1334 672 928 2
1335 675 930 3
1336 679 932 3
1337 682 934 4
1338 686 936 0
1339 689 938 4
1340 692 940 2
1341 696 942 3
1342 699 944 2
1343 703 946 1
1344 706 948 4
1345 709 950 2
1346 713 952 4
1347 716 954 2
1348 719 957 4
1349 723 959 6
1350 726 961 3
1351 729 963 2
1352 733 965 2
1353 736 967 3
1354 739 969 0
1355 742 972 3
1356 746 974 2
1357 749 976 4
1358 752 978 7
1359 756 980 1
1360 759 983 5
1361 762 985 1
1362 765 987 2
1363 768 989 2
1364 772 992 3
1365 775 994 1
1366 778 996 5
1367 781 999 4
1368 784 1001 3
1369 788 1003 2
1370 791 1006 3
1371 794 1008 3
1372 797 1010 2
1373 800 1013 3
1374 803 1015 5
1375 806 1017 5
1376 809 1020 1
1377 812 1022 2
1378 815 1024 2
1379 818 1027 0
1380 822 1029 2
1381 825 1032 0
1382 827 1034 4
1383 830 1037 3
1384 833 1039 4
1385 836 1042 5
1386 839 1044 1
1387 842 1046 5
1388 845 1049 1
1389 848 1051 3
1390 851 1054 5
1391 854 1056 4
1392 857 1059 2
1393 859 1062 2
1394 862 1064 1
1395 865 1067 3
1396 868 1069 1
1397 870 1072 1
1398 873 1074 3
1399 876 1077 0
1400 879 1079 4
1401 881 1082 2
1402 884 1085 10
1403 887 1087 6
1404 889 1090 1
1405 892 1093 3
1406 894 1095 3
1407 897 1098 1
1408 899 1100 1
1409 902 1103 0
1410 904 1106 2
1411 907 1108 1
1412 909 1111 2
1413 912 1114 2
1414 914 1116 4
1415 917 1119 2
1416 919 1122 6
1417 921 1125 2
1418 924 1127 3
1419 926 1130 5
1420 928 1133 0
1421 930 1136 4
1422 933 1138 2
1423 935 1141 2
1424 937 1144 3
1425 939 1147 0
1426 941 1149 1
1427 944 1152 2
1428 946 1155 2
1429 948 1158 0
1430 950 1160 1
1431 952 1163 3
1432 954 1166 1
1433 956 1169 4
1434 958 1172 2
1435 960 1175 2
1436 961 1177 4
1437 963 1180 1
1438 965 1183 6
1439 967 1186 3
1440 969 1189 2
1441 971 1192 5
1442 972 1194 3
1443 974 1197 3
1444 976 1200 6
1445 977 1203 2
1446 979 1206 1
1447 981 1209 1
1448 982 1212 1
1449 984 1215 3
1450 985 1218 5
1451 987 1220 1
1452 988 1223 0
1453 990 1226 1
1454 991 1229 9
1455 992 1232 2
1456 994 1235 2
1457 995 1238 4
1458 996 1241 3
1459 998 1244 8
1460 999 1247 1
1461 1000 1250 4
1462 1001 1253 0
1463 1002 1256 3
1464 1003 1259 4
1465 1005 1261 3
1466 1006 1264 4
1467 1007 1267 0
1468 1008 1270 6
1469 1009 1273 3
1470 1010 1276 1
1471 1010 1279 2
1472 1011 1282 2
1473 1012 1285 3
1474 1013 1288 2
1475 1014 1291 2
1476 1015 1294 4
1477 1015 1297 3
1478 1016 1300 4
1479 1017 1303 2
1480 1017 1306 1
1481 1018 1309 3
1482 1018 1312 2
1483 1019 1315 3
1484 1020 1318 2
1485 1020 1321 7
1486 1020 1324 5
1487 1021 1327 3
1488 1021 1330 1
1489 1022 1333 4
1490 1022 1336 3
1491 1022 1339 1
1492 1023 1342 3
1493 1023 1345 3
1494 1023 1348 2
1495 1023 1351 2
1496 1023 1354 2
1497 1023 1357 1
1498 1023 1360 3
1499 1023 1363 2
1500 1024 1366 3
1501 1023 1369 4
1502 1023 1372 2
1503 1023 1375 3
1504 1023 1378 3
1505 1023 1381 5
1506 1023 1384 5
1507 1023 1387 5
1508 1023 1390 2
1509 1022 1393 1
1510 1022 1396 5
1511 1022 1399 3
1512 1021 1402 3
1513 1021 1405 0
1514 1020 1408 1
1515 1020 1411 5
1516 1020 1414 6
1517 1019 1417 3
1518 1018 1420 2
1519 1018 1423 1
1520 1017 1426 4
1521 1017 1429 3
1522 1016 1432 4
1523 1015 1435 4
1524 1015 1438 2
1525 1014 1441 1
1526 1013 1444 2
1527 1012 1447 1
1528 1011 1450 6
1529 1010 1453 1
1530 1010 1456 1
1531 1009 1459 2
1532 1008 1462 5
1533 1007 1465 3
1534 1006 1468 2
1535 1005 1471 6
1536 1003 1474 2
1537 1002 1477 2
1538 1001 1480 4
1539 1000 1483 1
1540 999 1486 2
1541 998 1489 4
1542 996 1492 4
1543 995 1495 3
1544 994 1497 1
1545 992 1500 1
1546 991 1503 4
1547 990 1506 1
1548 988 1509 4
1549 987 1512 8
1550 985 1515 4
1551 984 1518 2
1552 982 1521 4
1553 981 1524 4
1554 979 1527 3
1555 977 1529 1
1556 976 1532 0
1557 974 1535 5
1558 972 1538 2
1559 971 1541 10
1560 969 1544 3
1561 967 1547 4
1562 965 1549 2
1563 963 1552 3
1564 961 1555 1
1565 960 1558 6
1566 958 1561 6
1567 956 1563 2
1568 954 1566 4
1569 952 1569 6
1570 950 1572 2
1571 948 1575 2
1572 946 1577 2
1573 944 1580 2
1574 941 1583 2
1575 939 1586 1
1576 937 1589 4
1577 935 1591 2
1578 933 1594 4
1579 930 1597 2
1580 928 1600 1
1581 926 1602 1
1582 924 1605 2
1583 921 1608 1
1584 919 1610 4
1585 917 1613 1
1586 914 1616 2
1587 912 1618 4
1588 909 1621 3
1589 907 1624 4
1590 904 1626 3
1591 902 1629 1
1592 899 1632 0
1593 897 1634 3
1594 894 1637 3
1595 892 1640 6
1596 889 1642 3
1597 887 1645 1
1598 884 1647 0
1599 881 1650 4
1600 879 1653 2
1601 876 1655 2
1602 873 1658 1
1603 870 1660 3
1604 868 1663 4
1605 865 1665 1
1606 862 1668 2
1607 859 1671 3
1608 857 1673 2
1609 854 1676 1
1610 851 1678 2
1611 848 1681 0
1612 845 1683 3
1613 842 1686 3
1614 839 1688 0
1615 836 1690 3
1616 833 1693 5
1617 830 1695 2
1618 827 1698 2
1619 825 1700 2
1620 822 1703 6
1621 818 1705 4
1622 815 1707 3
1623 812 1710 4
1624 809 1712 2
1625 806 1715 3
1626 803 1717 1
1627 800 1719 4
1628 797 1722 3
1629 794 1724 0
1630 791 1726 2
1631 788 1729 5
1632 784 1731 2
1633 781 1733 3
1634 778 1736 3
1635 775 1738 1
1636 772 1740 3
1637 768 1742 3
1638 765 1745 3
1639 762 1747 3
1640 759 1749 2
1641 756 1751 2
1642 752 1754 2
1643 749 1756 2
1644 746 1758 2
1645 742 1760 3
1646 739 1762 3
1647 736 1764 4
1648 733 1767 3
1649 729 1769 2
1650 726 1771 2
1651 723 1773 1
1652 719 1775 4
1653 716 1777 2
1654 713 1779 8
1655 709 1781 2
1656 706 1784 4
1657 703 1786 1
1658 699 1788 2
1659 696 1790 6
1660 692 1792 5
1661 689 1794 2
1662 686 1796 2
1663 682 1798 2
1664 679 1800 0
1665 675 1802 3
1666 672 1804 4
1667 669 1806 3
1668 665 1808 1
1669 662 1810 2
1670 658 1812 2
1671 655 1813 2
1672 652 1815 1
1673 648 1817 2
1674 645 1819 1
1675 641 1821 3
1676 638 1823 7
1677 634 1825 1
1678 631 1827 1
1679 628 1829 3
1680 624 1830 3
1681 621 1832 0
1682 617 1834 2
1683 614 1836 2
1684 610 1838 5
1685 607 1839 2
1686 604 1841 0
1687 600 1843 0
1688 597 1845 2
1689 593 1846 1
1690 590 1848 3
1691 586 1850 2
1692 583 1852 3
1693 580 1853 6
1694 576 1855 2
1695 573 1857 4
1696 569 1858 4
1697 566 1860 6
1698 562 1862 1
1699 559 1863 2
1700 556 1865 1
1701 552 1867 3
1702 549 1868 5
1703 546 1870 1
1704 542 1871 2
1705 539 1873 2
1706 535 1875 4
1707 532 1876 3
1708 529 1878 2
1709 525 1879 1
1710 522 1881 5
1711 519 1882 1
1712 515 1884 1
1713 512 1885 2
1714 509 1887 1
1715 505 1888 5
1716 502 1890 3
1717 499 1891 2
1718 495 1893 5
1719 492 1894 2
1720 489 1896 3
1721 486 1897 2
1722 482 1899 0
1723 479 1900 1
1724 476 1901 5
1725 472 1903 2
1726 469 1904 0
1727 466 1905 1
1728 463 1907 2
1729 460 1908 3
1730 456 1910 3
1731 453 1911 1
1732 450 1912 3
1733 447 1914 2
1734 444 1915 5
1735 440 1916 3
1736 437 1917 2
1737 434 1919 5
1738 431 1920 1
1739 428 1921 2
1740 425 1922 1
1741 422 1924 4
1742 418 1925 2
1743 415 1926 1
1744 412 1927 1
1745 409 1929 3
1746 406 1930 2
1747 403 1931 1
1748 400 1932 2
1749 397 1933 4
1750 394 1934 1
1751 391 1936 4
1752 388 1937 1
1753 385 1938 3
1754 382 1939 1
1755 379 1940 5
1756 376 1941 2
1757 373 1942 1
1758 370 1943 2
1759 367 1945 1
1760 365 1946 2
1761 362 1947 6
1762 359 1948 4
1763 356 1949 1
1764 353 1950 3
1765 350 1951 3
1766 347 1952 3
1767 345 1953 1
1768 342 1954 3
1769 339 1955 3
1770 336 1956 1
1771 333 1957 0
1772 331 1958 2
1773 328 1959 4
1774 325 1960 2
1775 322 1961 1
1776 320 1962 7
1777 317 1963 4
1778 314 1964 3
1779 312 1964 3
1780 309 1965 2
1781 306 1966 6
1782 304 1967 1
1783 301 1968 4
1784 299 1969 2
1785 296 1970 3
1786 293 1971 3
1787 291 1971 3
1788 288 1972 3
1789 286 1973 5
1790 283 1974 2
1791 281 1975 2
1792 278 1976 4
1793 276 1976 4
1794 273 1977 2
1795 271 1978 6
1796 268 1979 2
1797 266 1980 4
1798 264 1980 4
1799 261 1981 4
1800 259 1982 3
1801 256 1983 5
1802 254 1983 5
1803 252 1984 1
1804 249 1985 5
1805 247 1986 2
1806 245 1986 2
1807 243 1987 1
1808 240 1988 3
1809 238 1989 4
1810 236 1989 4
1811 234 1990 5
1812 231 1991 2
1813 229 1991 2
1814 227 1992 2
1815 225 1993 0
1816 223 1993 0
1817 220 1994 4
1818 218 1995 2
1819 216 1995 2
1820 214 1996 2
1821 212 1996 2
1822 210 1997 2
1823 208 1998 3
1824 206 1998 3
1825 204 1999 2
1826 202 1999 2
1827 200 2000 2
1828 198 2001 0
1829 196 2001 0
1830 194 2002 3
1831 192 2002 3
1832 190 2003 3
1833 188 2003 3
1834 186 2004 5
1835 184 2005 3
1836 182 2005 3
1837 181 2006 2
1838 179 2006 2
1839 177 2007 3
1840 175 2007 3
1841 173 2008 5
1842 171 2008 5
1843 170 2009 7
1844 168 2009 7
1845 166 2010 1
1846 164 2010 1
1847 163 2011 2
1848 161 2011 2
1849 159 2012 4
1850 157 2012 4
1851 156 2013 5
1852 154 2013 5
1853 152 2013 5
1854 151 2014 1
1855 149 2014 1
1856 148 2015 2
1857 146 2015 2
1858 144 2016 1
1859 143 2016 1
1860 141 2016 1
1861 140 2017 3
1862 138 2017 3
1863 137 2018 1
1864 135 2018 1
1865 134 2018 1
1866 132 2019 3
1867 131 2019 3
1868 129 2020 3
1869 128 2020 3
1870 126 2020 3
1871 125 2021 4
1872 123 2021 4
1873 122 2021 4
1874 121 2022 4
1875 119 2022 4
1876 118 2023 5
1877 117 2023 5
1878 115 2023 5
1879 114 2024 2
1880 113 2024 2
1881 111 2024 2
1882 110 2025 1
1883 109 2025 1
1884 107 2025 1
1885 106 2026 4
1886 105 2026 4
1887 104 2026 4
1888 102 2026 4
1889 101 2027 3
1890 100 2027 3
1891 99 2027 3
1892 98 2028 4
1893 97 2028 4
1894 95 2028 4
1895 94 2028 4
1896 93 2029 5
1897 92 2029 5
1898 91 2029 5
1899 90 2030 1
1900 89 2030 1
1901 88 2030 1
1902 86 2030 1
1903 85 2031 2
1904 84 2031 2
1905 83 2031 2
1906 82 2031 2
1907 81 2032 8
1908 80 2032 8
1909 79 2032 8
1910 78 2032 8
1911 77 2032 8
1912 76 2033 1
1913 75 2033 1
1914 74 2033 1
1915 73 2033 1
1916 73 2034 2
1917 72 2034 2
1918 71 2034 2
1919 70 2034 2
1920 69 2034 2
1921 68 2035 3
1922 67 2035 3
1923 66 2035 3
1924 65 2035 3
1925 65 2035 3
1926 64 2036 5
1927 63 2036 5
1928 62 2036 5
1929 61 2036 5
1930 60 2036 5
1931 60 2036 5
1932 59 2037 2
1933 58 2037 2
1934 57 2037 2
1935 57 2037 2
1936 56 2037 2
1937 55 2038 5
1938 54 2038 5
1939 54 2038 5
1940 53 2038 5
1941 52 2038 5
1942 51 2038 5
1943 51 2038 5
1944 50 2039 2
1945 49 2039 2
1946 49 2039 2
1947 48 2039 2
1948 47 2039 2
1949 47 2039 2
1950 46 2039 2
1951 45 2040 5
1952 45 2040 5
1953 44 2040 5
1954 44 2040 5
1955 43 2040 5
1956 42 2040 5
1957 42 2040 5
1958 41 2040 5
1959 41 2041 1
1960 40 2041 1
1961 39 2041 1
1962 39 2041 1
1963 38 2041 1
1964 38 2041 1
1965 37 2041 1
1966 37 2041 1
1967 36 2042 2
1968 36 2042 2
1969 35 2042 2
1970 35 2042 2
1971 34 2042 2
1972 34 2042 2
1973 33 2042 2
1974 33 2042 2
1975 32 2042 2
1976 32 2042 2
1977 31 2042 2
1978 31 2043 3
1979 30 2043 3
1980 30 2043 3
1981 29 2043 3
1982 29 2043 3
1983 29 2043 3
1984 28 2043 3
1985 28 2043 3
1986 27 2043 3
1987 27 2043 3
1988 27 2043 3
1989 26 2044 1
1990 26 2044 1
1991 25 2044 1
1992 25 2044 1
1993 25 2044 1
1994 24 2044 1
1995 24 2044 1
1996 23 2044 1
1997 23 2044 1
1998 23 2044 1
1999 22 2044 1
2000 22 2044 1
2001 22 2044 1
2002 21 2044 1
2003 21 2045 2
2004 21 2045 2
2005 20 2045 2
2006 20 2045 2
2007 20 2045 2
2008 19 2045 2
2009 19 2045 2
2010 19 2045 2
2011 19 2045 2
2012 18 2045 2
2013 18 2045 2
2014 18 2045 2
2015 17 2045 2
2016 17 2045 2
2017 17 2045 2
2018 17 2045 2
2019 16 2045 2
2020 16 2045 2
2021 16 2045 2
2022 16 2046 3
2023 15 2046 3
2024 15 2046 3
2025 15 2046 3
2026 15 2046 3
2027 14 2046 3
2028 14 2046 3
2029 14 2046 3
2030 14 2046 3
2031 13 2046 3
2032 13 2046 3
2033 13 2046 3
2034 13 2046 3
2035 12 2046 3
2036 12 2046 3
2037 12 2046 3
2038 12 2046 3
2039 12 2046 3
2040 11 2046 3
2041 11 2046 3
2042 11 2046 3
2043 11 2046 3
2044 11 2046 3
2045 11 2046 3
2046 10 2046 3
2047 10 2046 3
